-1.47 12.98
-3.18 1.88
1.63 -2.02
-5.16 0.82
-0.10 -1.87
2.73 -4.27
1.55 11.04
5.59 -5.16
-3.54 -1.13
-8.36 1.79
-2.16 1.46
13.47 13.86
12.16 14.05
-0.65 -1.99
3.35 -4.52
0.99 11.93
1.34 -2.45
2.36 -2.68
-9.79 2.91
-9.25 2.92
-2.89 -3.75
-5.93 1.54
-6.48 1.71
0.64 -2.77
-6.17 -3.05
-0.17 -0.90
-6.77 1.86
-4.48 -0.34
-7.56 2.25
1.77 -3.00
0.22 -1.74
-0.15 -1.38
3.52 12.78
7.14 -0.79
-1.42 -2.00
3.45 -2.17
5.56 -0.53
-7.97 2.49
2.03 -2.84
1.85 -2.96
0.96 -2.30
-3.19 5.57
3.56 -3.37
4.53 2.90
-4.08 0.23
7.48 2.80
-2.01 -0.43
3.82 -3.39
2.92 -0.94
3.46 3.43
-7.00 -2.02
-8.97 -1.49
3.94 -1.61
5.91 -4.13
-0.24 -0.22
4.52 0.51
2.71 17.65
-3.66 -3.18
-1.17 -2.08
-1.45 0.49
2.46 -1.59
1.47 -1.68
2.24 -0.52
-2.87 2.79
0.02 -2.72
-9.16 0.78
3.45 -1.78
-2.10 0.88
-10.32 2.07
-4.01 -3.05
8.43 4.81
-6.58 0.51
-11.10 1.73
1.22 -1.67
14.01 -4.81
4.85 -3.55
-0.23 -2.66
-1.10 -2.53
8.42 -4.24
3.32 11.47
5.44 -2.11
-4.46 5.38
6.57 -2.01
5.98 11.09
12.83 -4.50
-0.42 -2.98
6.22 -4.16
-3.52 -2.98
-1.62 4.54
-5.80 2.21
4.66 -3.47
2.81 3.26
5.77 -3.58
-2.19 -1.81
-1.72 -3.64
-2.74 0.83
5.88 -4.03
5.70 -3.35
3.84 -2.89
5.24 1.62
3.30 -1.58
-3.53 -1.56
5.70 -5.17
1.63 -1.84
2.98 18.00
-2.55 -0.70
10.44 7.11
8.62 5.86
0.47 -1.33
-1.47 -2.15
5.52 -4.98
3.78 18.14
-2.91 0.96
0.76 -2.67
0.90 -1.32
-8.06 1.34
-1.06 -2.11
-4.42 -0.12
8.21 5.44
11.57 14.76
-9.65 3.37
-0.87 -3.59
2.48 -4.44
5.63 -2.93
2.97 -2.25
-0.68 -3.50
-1.22 -2.50
0.30 -3.60
-6.11 1.84
3.20 -4.35
3.25 -2.70
-9.56 0.11
4.98 -2.86
6.34 -4.27
-2.25 -0.87
-7.78 1.80
-5.92 1.68
-0.65 -1.47
-9.64 2.99
6.88 -3.99
-12.33 1.51
-0.94 -2.52
8.69 -5.27
1.76 -2.78
2.16 -1.70
1.73 -3.39
0.46 -1.07
0.70 -2.82
0.76 -2.79
-1.83 -1.19
4.56 -3.58
-7.52 2.61
5.43 1.56
1.99 -2.02
-3.00 -1.87
6.02 -5.07
0.32 4.03
0.38 -4.44
-3.94 1.88
-2.38 -1.71
4.64 -3.39
6.32 -3.56
6.63 -4.29
-2.61 -3.44
-0.54 0.06
4.18 -2.80
3.57 -1.67
-1.44 -2.28
4.55 -3.42
11.13 -4.40
-2.51 -2.23
2.93 12.06
-0.73 5.09
4.95 11.51
6.29 -2.02
9.45 -4.06
2.10 -3.80
-3.96 -2.90
-0.78 -2.78
6.96 -4.28
4.95 17.80
0.57 -1.26
0.03 -2.50
-6.36 0.95
-1.69 -1.88
-2.99 -0.90
0.80 -1.57
-12.03 2.04
7.99 6.04
-3.95 -1.39
0.85 -1.61
1.92 -1.49
7.03 -5.31
-4.30 -3.08
3.37 16.19
-3.31 -0.54
-0.94 -1.03
8.72 6.05
-1.78 -2.00
5.71 -5.04
4.48 -2.96
5.50 -2.96
3.93 -2.95
-10.89 0.58
-0.14 -2.64
5.46 -4.27
-2.30 -0.98
-6.83 2.16
0.05 -1.75
-9.81 3.12
-12.69 1.71
-1.07 -2.56
9.39 -5.59
-9.71 3.60
-1.87 -3.36
-4.42 2.28
2.93 -2.35
2.65 -4.42
5.76 -2.93
-1.15 -2.55
-0.77 -3.43
0.21 -3.70
5.98 -2.93
-6.94 2.33
-1.31 -1.36
4.23 -3.87
5.83 1.67
7.51 1.67
-2.45 -2.00
2.37 -2.23
1.21 11.39
2.87 -1.94
2.37 -2.96
0.43 -1.15
-0.46 -2.69
-3.48 -1.04
-7.21 1.47
15.30 13.20
5.51 -2.99
-2.68 1.72
1.65 0.38
13.97 13.58
3.91 -4.69
-2.10 -1.66
-0.71 12.68
-3.72 2.25
-5.45 0.63
3.06 -4.34
-0.81 -2.56
1.95 11.50
-6.58 2.22
-4.21 0.72
-0.62 -1.50
1.71 -1.34
7.75 -0.80
2.77 11.72
3.36 -1.97
4.62 8.81
5.56 -0.42
-8.10 2.31
1.77 -2.99
0.89 -2.41
0.36 -2.15
0.68 10.98
-9.25 2.70
-9.04 2.71
-2.25 -3.80
-4.55 0.90
1.56 -2.92
-5.30 1.07
-6.03 -2.90
-0.65 -1.63
-6.01 1.47
2.77 3.20
4.98 -1.20
-3.13 -1.46
-7.24 -2.18
-8.48 -1.60
0.36 -0.35
0.91 -2.44
5.23 2.21
-3.73 0.05
-3.66 -2.82
-0.75 -0.72
5.36 -3.85
-1.46 0.75
2.53 -1.65
-0.15 -0.94
-10.83 2.35
-4.11 -3.03
-8.67 0.73
-7.98 1.12
-3.08 -2.90
4.12 -1.94
1.95 -1.68
-3.35 -3.26
1.45 1.53
-0.56 -2.20
-4.56 -1.17
3.38 -1.89
1.98 -1.55
-0.87 0.39
1.95 -1.75
-3.64 3.05
2.08 -3.12
-9.74 1.21
4.02 18.18
-2.87 -0.52
-4.38 -1.17
-4.87 0.28
2.14 -3.18
-0.49 -2.26
4.26 -4.67
7.83 16.58
-4.06 3.57
-0.23 -1.22
-3.18 -1.67
-7.78 1.40
-1.74 -0.79
-11.72 2.85
10.02 4.44
8.73 5.02
1.45 -1.58
2.84 -2.22
-2.25 -1.66
5.00 -4.97
-0.28 -2.33
2.81 11.44
-1.86 4.85
6.54 -3.75
4.15 -3.40
-2.76 1.24
-0.85 -3.88
-3.33 -2.02
5.19 -3.18
5.85 -3.58
10.10 -4.12
-3.26 -3.12
5.01 2.66
7.57 -4.30
-0.72 -2.71
-6.89 2.48
-2.40 -1.89
4.11 11.60
6.22 -2.13
4.88 -1.83
7.12 10.45
6.38 -4.09
0.67 -3.24
-0.06 -2.83
10.01 -4.21
3.27 -2.54
2.25 -3.27
-0.15 -1.68
6.83 1.20
-4.66 -2.79
-0.19 -0.87
6.84 -4.69
-1.91 -1.25
-1.86 -0.98
5.54 1.25
4.20 -3.67
-1.97 -1.12
-1.01 -0.93
-0.85 -2.39
2.77 -1.84
7.28 -4.85
-0.11 -2.64
-2.07 -3.43
-8.14 -0.72
2.78 -2.54
-3.58 0.67
-1.45 -1.28
-10.94 3.82
-9.02 2.87
-1.10 -2.53
-12.38 1.24
5.61 -3.54
0.28 -3.50
-4.76 -0.64
-8.91 3.11
-2.72 -0.76
4.61 -2.84
5.25 -4.06
5.77 -2.93
1.44 -4.05
-13.72 1.99
-0.87 -3.27
-3.64 0.85
-10.25 3.63
1.81 -2.97
-9.94 3.00
-0.16 -1.81
1.21 -1.49
-10.33 3.08
5.98 -0.72
-1.22 -1.44
3.55 12.42
3.72 -2.40
3.82 -3.62
0.80 -2.83
-6.20 1.60
-4.67 -2.90
-8.12 2.22
0.51 -0.99
1.06 -2.47
-6.13 1.70
-3.00 -3.75
-7.65 2.18
-2.38 -1.03
-2.84 0.41
-5.30 -3.17
-8.86 2.52
-0.83 -1.79
6.03 -0.50
4.97 -5.02
-3.16 -1.27
-2.34 13.00
-1.55 -3.51
-2.85 1.97
12.40 14.00
-1.10 1.09
-0.19 -2.29
4.52 -4.68
0.45 12.20
-4.26 -0.75
-7.04 1.27
-11.17 3.61
-2.89 -0.55
12.94 13.79
-14.10 1.99
-4.37 -1.13
3.23 -1.70
-3.86 -3.18
-9.87 1.86
-1.17 -1.98
-4.12 -0.32
-3.74 -3.06
-1.88 3.30
-4.70 -0.44
2.67 -1.77
-7.47 0.33
0.61 -2.58
-11.76 2.59
5.04 -0.41
-1.16 0.64
2.41 -1.77
1.25 -0.24
-2.46 -1.57
1.05 -1.64
-10.33 1.52
-1.55 2.40
-3.01 -1.93
-3.91 0.28
3.54 -2.21
2.20 11.82
-8.52 -1.85
3.06 -0.79
2.86 -2.94
-2.12 -0.29
4.76 2.71
3.30 -2.47
5.64 2.72
0.22 -0.12
-8.86 -1.37
-1.97 -0.89
-0.36 -1.12
-8.49 2.54
-7.26 2.07
-2.29 -1.19
3.67 2.16
-8.46 2.45
-8.60 2.60
-3.13 0.62
-3.21 -3.55
-3.27 0.09
-3.67 0.38
5.17 -0.39
-0.66 -1.90
1.12 -2.17
-10.15 3.30
2.24 -3.09
-2.06 -0.36
7.18 -0.84
1.73 12.83
-10.96 3.29
1.28 -1.68
-0.75 -0.68
3.78 10.83
-1.88 -1.42
5.63 -0.43
0.81 -2.80
-3.12 -3.37
-6.85 1.99
6.03 -3.99
-3.37 -1.00
-2.80 -0.56
-4.30 0.06
-3.32 -0.10
12.35 14.05
5.33 10.86
-2.06 -1.51
5.10 -4.85
13.41 13.68
-2.67 1.81
0.22 0.82
0.27 -3.42
13.22 14.06
4.50 -4.46
-11.10 2.52
-6.81 -0.12
-0.44 -2.42
-1.54 0.66
2.18 -1.79
-8.31 1.65
-0.19 0.14
1.64 -1.73
-9.62 1.32
2.10 -3.29
1.49 1.89
2.43 -1.65
-3.39 -3.20
-0.79 -1.94
-8.96 1.49
-3.75 3.23
-2.44 -3.21
4.58 -4.62
3.14 -1.83
4.20 -2.76
-2.67 -0.09
-5.41 2.67
3.18 3.29
-0.17 -1.03
-0.29 0.02
3.41 2.88
-9.41 -1.40
5.42 -4.44
4.33 -1.53
-3.83 0.37
2.13 -2.07
-6.27 -2.41
-8.45 -1.76
1.01 -0.52
8.78 -3.91
0.58 -1.44
6.39 -5.39
-9.00 1.63
-2.24 -1.93
9.54 5.64
-2.05 -0.80
8.92 4.75
4.95 -4.91
-2.32 -1.69
3.81 -2.59
3.73 18.38
-1.54 -1.73
-2.89 -0.54
-5.55 0.58
-4.16 -1.28
-0.89 -1.96
4.42 -4.67
-0.40 -2.34
6.60 17.15
-4.64 2.41
7.68 -4.33
-1.71 -2.58
-1.39 -2.14
12.67 -4.60
4.50 -1.90
4.49 10.35
-9.19 -1.23
5.38 -1.82
6.94 -4.32
3.40 -2.67
11.11 -4.32
1.35 -3.38
0.52 0.07
5.48 -5.19
2.53 11.70
-3.33 4.95
4.55 -3.39
-2.00 -2.20
-1.83 -3.92
-4.73 0.54
11.95 -4.28
5.26 -3.27
4.87 -3.37
1.49 -1.04
-3.63 -3.16
3.70 2.28
-1.06 -1.08
0.81 -3.00
3.95 -2.34
-1.86 -2.15
5.20 -0.31
1.11 -1.33
-9.50 2.79
4.77 -3.24
-11.11 3.38
0.02 -1.57
5.38 2.02
-10.55 3.35
8.91 1.20
6.48 -4.30
-0.22 -0.83
3.92 -2.64
-3.17 -0.62
-8.09 2.82
4.83 -2.81
3.23 -4.54
5.09 -3.91
-1.39 -3.41
-13.42 1.78
6.87 -3.15
1.55 -4.03
14.04 13.65
-10.14 3.37
-1.91 -3.44
6.83 -4.61
-3.40 13.10
-0.54 -2.59
4.17 -2.74
-10.74 3.73
-2.12 -1.12
-8.22 2.60
0.56 -2.06
8.92 -5.41
-0.45 -2.65
-0.05 -3.40
-11.06 1.01
5.68 -3.36
