29.39 18.97 18.23 20.40 67.00 38.77 34.15 25.68
29.31 20.29 17.13 5.82 69.46 55.67 39.09 4.84
37.15 25.30 20.47 1.67 72.38 52.12 39.80 2.78
29.99 17.48 18.37 2.71 61.47 37.90 53.11 8.69
35.18 19.67 21.36 2.74 73.64 45.05 62.11 9.12
36.15 21.18 22.24 2.46 79.98 53.30 71.99 6.87
32.98 20.33 20.43 20.23 74.94 40.83 38.27 24.62
38.30 21.89 23.88 2.71 85.64 55.61 81.28 8.78
33.66 20.30 18.49 2.60 74.24 40.71 37.99 4.91
27.29 16.01 16.73 2.63 55.68 34.33 48.40 7.83
30.05 20.74 17.71 6.34 72.58 58.07 40.59 5.43
39.51 24.09 24.94 24.32 106.98 62.60 52.00 47.81
38.67 23.56 24.03 24.41 104.53 61.12 49.93 46.88
36.27 21.34 20.13 2.89 82.77 43.36 42.51 5.62
36.60 21.33 22.63 2.55 81.24 54.08 74.03 7.13
31.84 19.87 17.48 19.94 82.12 50.76 35.40 30.66
33.95 20.72 20.49 2.69 91.59 61.10 48.94 4.31
36.07 22.87 20.81 1.65 75.85 57.46 58.80 4.16
25.25 16.22 15.05 3.39 60.08 38.88 32.13 5.63
28.77 15.81 16.57 7.51 47.11 29.98 38.76 7.70
37.18 18.13 19.91 3.38 67.83 44.14 50.75 3.82
30.74 19.06 17.42 2.76 64.16 34.99 34.41 5.68
31.86 17.26 18.25 7.77 52.19 32.92 42.56 7.90
37.49 21.62 20.80 2.78 88.69 44.94 45.28 5.20
33.76 17.27 17.93 2.95 60.17 42.01 44.83 3.33
36.46 22.08 20.46 2.85 78.57 42.14 41.73 6.28
27.94 17.63 16.68 3.58 67.01 43.19 35.81 6.48
34.03 17.87 19.32 7.18 55.44 34.75 44.96 7.54
29.15 17.96 16.56 2.68 61.07 33.04 32.63 5.40
38.20 22.01 21.56 3.14 91.89 46.00 47.78 6.40
32.63 21.52 20.49 2.29 68.67 52.06 62.55 6.26
33.16 21.03 18.88 2.69 82.67 61.96 43.31 3.84
33.43 20.78 18.70 21.09 87.62 53.42 38.20 36.00
36.99 23.90 22.81 7.74 100.14 68.97 55.02 6.58
38.02 19.38 20.46 3.69 65.53 44.12 48.38 4.46
35.90 21.88 21.16 3.22 94.83 64.56 49.46 4.53
36.02 23.44 21.77 7.58 95.70 67.25 52.58 5.92
30.44 16.33 17.39 6.78 49.42 31.26 40.50 7.18
34.40 21.98 21.64 2.50 73.30 54.45 67.46 6.89
38.46 22.07 21.47 2.93 91.88 46.16 47.10 5.59
31.56 23.75 20.83 1.65 62.60 59.95 58.44 3.72
29.35 19.50 17.64 7.92 68.87 46.38 37.37 6.55
42.52 21.18 23.31 6.23 77.28 46.58 60.99 6.60
36.97 23.79 19.46 10.18 95.32 62.19 38.48 10.35
30.47 18.46 17.35 3.15 77.23 51.00 39.82 5.57
38.84 23.89 22.31 12.42 103.86 62.14 45.26 12.71
31.76 19.23 18.56 3.45 83.30 54.06 43.15 6.26
34.86 24.34 22.81 1.84 69.41 61.23 64.35 4.09
35.52 21.33 20.84 3.43 94.54 60.27 49.13 6.81
35.91 23.76 18.48 9.84 90.73 61.79 36.30 10.55
33.09 16.48 17.68 4.25 59.17 38.43 44.82 5.07
31.07 15.72 16.55 3.78 55.19 36.24 41.56 4.58
35.74 21.69 21.00 3.69 100.31 63.60 52.01 6.52
44.70 22.48 24.52 5.55 81.77 48.48 63.95 5.57
33.29 20.10 19.10 3.06 85.76 56.01 44.53 5.96
40.44 23.76 23.96 4.87 83.39 41.49 42.92 8.17
31.62 19.94 19.73 21.57 72.12 41.94 35.93 41.69
36.61 17.38 19.53 4.38 68.23 41.44 51.01 5.04
35.31 22.66 19.40 1.98 74.29 47.26 38.58 3.25
29.77 22.68 17.79 5.34 64.05 66.45 39.63 3.32
34.53 20.61 20.81 3.57 97.98 60.42 51.08 7.27
33.89 20.13 20.60 3.86 95.74 58.96 49.93 6.83
33.34 23.22 20.34 6.23 76.56 68.27 46.29 4.00
32.78 20.31 19.82 4.60 66.83 35.02 35.20 7.71
36.79 22.55 20.36 2.18 80.12 47.34 41.49 3.55
30.23 15.63 17.01 4.97 50.06 32.84 38.15 6.27
35.08 20.97 21.48 3.72 100.52 61.65 52.81 7.88
28.73 22.91 17.09 5.05 61.05 67.11 37.87 3.21
27.19 16.53 15.39 3.16 57.14 30.57 30.13 6.19
36.10 17.15 19.40 4.82 67.46 41.17 50.88 5.64
39.27 23.85 23.02 16.68 104.65 58.08 47.61 16.25
31.04 18.39 17.42 3.24 66.31 34.84 34.95 6.93
28.09 14.65 15.86 4.77 46.41 30.46 35.59 5.97
34.08 20.12 20.24 3.58 94.73 58.80 48.83 5.76
49.13 28.27 27.43 2.67 117.18 58.53 59.79 5.46
43.79 21.57 24.02 6.42 79.71 48.11 62.80 6.78
34.41 19.69 20.33 2.35 75.36 48.69 64.18 7.00
35.59 21.70 19.48 2.06 81.80 46.09 40.81 3.48
46.93 23.03 26.17 7.16 86.59 50.37 69.15 7.33
34.33 21.77 18.22 21.44 85.95 52.68 36.68 27.68
36.12 22.21 22.31 4.01 104.12 65.84 55.09 7.86
28.42 18.98 17.12 7.89 66.09 44.94 36.16 6.49
37.95 22.64 22.51 3.97 107.43 65.41 55.56 7.35
36.33 22.60 20.02 22.00 93.48 54.95 40.92 30.37
47.99 27.87 26.68 2.56 113.77 57.60 57.98 5.07
36.20 21.38 20.13 2.38 86.63 45.83 43.63 4.02
44.89 22.52 24.78 5.94 82.34 48.92 64.96 6.03
35.62 19.19 19.15 2.70 60.42 46.76 45.78 3.10
30.82 20.52 18.55 8.14 72.06 48.96 39.27 6.93
31.13 18.68 17.57 3.24 64.36 34.53 34.16 6.43
43.49 21.54 23.96 6.75 79.24 47.71 62.88 7.11
35.33 23.66 18.06 9.36 89.04 61.79 35.41 9.75
41.07 24.87 24.45 3.06 94.14 49.01 48.76 4.29
32.63 19.07 19.16 2.21 70.55 46.72 59.54 6.40
37.73 19.42 20.42 2.94 65.65 47.58 49.55 3.37
34.30 20.41 19.23 3.31 71.11 38.11 37.61 6.71
44.61 22.50 24.49 5.80 81.62 48.48 64.04 5.85
44.21 21.90 24.58 7.68 80.69 48.98 64.83 8.06
39.15 24.59 23.07 2.67 87.08 48.43 44.58 3.74
36.50 23.77 22.21 8.20 90.02 59.99 48.35 7.43
35.11 21.40 20.74 3.67 98.83 62.75 51.40 6.49
35.47 18.87 19.39 5.23 61.86 38.99 48.61 5.46
39.51 21.34 23.89 2.59 90.45 54.82 79.09 7.62
37.88 23.55 20.96 2.39 82.06 46.73 42.78 4.52
31.55 20.11 19.73 22.13 72.24 42.75 36.03 42.95
31.16 19.66 17.39 3.15 78.53 54.83 40.90 5.32
39.27 24.03 24.45 20.84 105.73 59.52 51.87 23.63
38.68 23.62 23.22 18.54 103.46 58.60 48.51 18.98
33.33 20.70 19.23 3.54 88.08 58.52 46.03 6.36
37.39 19.53 20.66 6.09 66.55 41.41 52.76 6.35
39.47 21.35 23.67 2.50 90.32 54.85 77.35 7.24
31.99 20.69 20.04 23.48 73.18 45.04 36.62 45.38
28.03 22.61 16.65 4.74 59.59 66.11 36.87 3.14
39.82 20.34 21.85 5.76 70.43 44.00 55.90 6.21
37.38 22.90 20.53 2.24 79.76 45.16 41.55 4.20
27.16 16.76 16.92 2.65 53.72 35.37 49.25 7.95
38.16 19.78 20.70 4.94 66.32 41.74 52.06 5.28
30.39 18.47 18.86 2.70 60.87 40.06 55.10 8.50
38.71 23.66 22.80 17.54 103.33 58.44 47.29 17.74
39.35 24.38 24.72 22.88 93.29 54.92 46.13 45.43
25.42 15.90 15.32 3.82 60.38 38.42 32.12 7.71
39.00 18.66 21.26 4.45 72.04 44.77 53.98 5.38
41.59 21.29 22.80 3.91 73.94 47.89 58.56 4.06
41.00 24.03 24.37 4.17 96.99 47.04 50.12 6.58
38.41 25.84 21.19 1.70 75.26 53.58 41.50 2.86
38.95 18.71 21.38 4.87 72.15 45.48 54.47 5.99
35.65 20.39 19.73 2.85 87.92 43.10 43.95 5.43
39.05 21.07 21.23 3.59 67.78 47.24 53.23 3.72
28.62 17.63 17.31 3.88 68.95 43.70 36.62 8.16
36.52 21.34 22.45 2.47 81.20 53.98 72.90 6.80
39.10 25.60 21.63 1.81 78.07 52.88 42.72 2.99
30.48 15.31 16.74 5.51 51.29 32.83 39.05 6.62
40.64 23.67 24.00 3.94 95.87 46.23 49.08 6.13
44.60 24.23 24.19 3.88 77.50 52.58 59.84 3.78
31.04 21.06 17.15 2.34 74.11 62.26 39.82 3.39
27.55 16.12 16.88 2.65 56.61 34.84 49.27 8.00
28.86 17.86 17.40 3.68 69.05 43.70 36.95 7.47
32.40 21.23 18.36 2.62 80.90 62.64 43.16 3.70
25.55 16.02 15.41 3.46 60.45 38.34 32.49 6.39
42.90 25.97 24.02 2.19 93.21 54.06 49.86 3.59
27.31 14.00 15.19 5.31 45.47 29.14 35.06 6.44
35.77 20.52 19.93 3.04 88.51 43.39 44.62 6.01
47.80 24.32 26.09 4.17 84.51 52.33 65.33 4.08
35.59 22.48 20.58 1.66 75.29 56.90 58.47 4.15
38.14 22.89 22.38 3.89 85.73 43.68 43.73 5.78
41.22 20.11 22.56 4.78 74.42 47.94 55.81 5.84
36.75 22.10 21.37 3.56 81.11 41.54 41.16 5.24
40.50 20.16 21.78 3.98 70.32 45.98 51.85 4.63
37.59 21.67 20.82 2.74 88.88 45.13 45.28 5.11
35.21 20.73 19.17 2.64 81.16 42.06 39.88 5.12
38.50 23.20 22.31 1.81 82.43 58.71 63.77 4.48
29.02 17.92 16.47 2.69 61.23 32.94 32.62 5.40
38.45 24.64 20.36 9.18 98.11 60.54 39.76 7.71
38.67 22.31 21.21 2.96 91.32 45.57 44.83 5.91
36.48 18.74 19.67 3.65 62.87 42.56 46.77 4.52
40.31 22.48 23.91 2.16 89.60 57.32 72.35 5.16
32.52 21.59 19.50 8.04 76.20 51.31 41.25 6.78
40.27 19.48 22.03 3.40 72.87 47.71 54.89 3.93
33.04 19.58 18.55 3.32 67.83 35.94 35.76 6.58
32.46 19.03 19.03 2.17 70.11 46.33 59.04 6.29
43.39 21.56 23.94 6.89 79.06 47.81 62.91 7.23
41.57 25.04 24.66 2.97 95.07 49.84 49.15 4.15
45.36 22.79 24.95 5.66 83.24 49.26 65.13 5.72
36.78 19.19 19.86 2.82 63.39 46.95 48.00 3.24
36.57 21.52 20.41 3.35 76.17 40.36 40.10 6.86
39.38 24.81 23.19 2.66 87.01 48.77 44.64 3.78
35.31 21.59 20.87 3.70 99.26 63.19 51.68 6.58
33.36 19.37 19.66 2.28 72.50 47.69 61.38 6.70
43.43 21.54 23.85 6.52 79.09 47.74 62.49 6.93
46.10 27.18 25.94 2.70 110.21 56.24 56.88 5.62
34.16 21.17 18.72 2.04 78.21 45.03 38.99 3.48
33.97 21.59 17.90 21.73 84.51 51.99 35.92 29.06
31.87 20.45 19.00 8.04 74.44 47.90 39.95 6.87
35.52 22.24 19.26 22.21 90.47 54.09 39.16 30.02
37.43 22.65 22.35 3.98 106.27 65.93 55.22 7.29
44.73 26.40 25.04 2.56 106.33 54.53 54.63 5.14
36.33 20.29 21.82 2.57 81.03 51.30 71.19 8.05
35.15 19.01 18.87 2.63 59.45 46.29 45.07 3.03
35.82 21.50 19.83 2.29 84.54 45.97 42.39 3.89
45.57 22.85 25.19 6.11 83.70 49.67 66.02 6.16
33.11 21.28 20.72 23.46 75.66 46.50 37.84 45.72
37.37 22.46 20.45 2.22 79.16 44.25 41.25 4.09
39.17 20.17 21.39 5.44 68.77 43.17 54.26 5.86
28.45 17.41 17.71 2.67 56.94 37.12 52.13 8.38
37.53 19.59 20.34 4.87 64.91 41.05 50.84 5.23
31.82 19.05 19.69 2.69 64.15 42.00 57.84 8.59
33.83 19.92 20.02 3.53 93.81 58.07 48.29 5.73
27.15 14.23 15.32 4.72 44.74 29.34 34.40 5.88
38.33 23.43 22.70 18.38 102.34 58.06 47.21 18.99
34.99 18.76 19.12 5.16 60.83 38.68 47.78 5.43
37.25 23.09 20.57 2.34 80.21 45.73 41.84 4.48
34.18 20.41 20.49 3.48 96.65 59.65 50.27 7.06
40.52 21.67 24.60 2.68 93.19 55.58 82.72 8.90
35.97 17.16 19.18 4.26 66.98 40.98 50.02 4.93
32.87 20.41 20.40 20.62 74.44 42.17 36.92 39.00
30.65 19.38 16.99 3.09 76.32 53.73 39.75 5.21
32.27 20.35 18.34 3.38 83.34 57.31 43.41 5.87
38.60 23.69 23.29 18.83 103.43 58.66 48.65 19.72
37.09 19.39 20.46 5.86 65.76 40.77 52.01 6.08
39.70 21.36 23.82 2.50 90.97 55.01 77.88 7.23
40.50 24.39 22.67 2.64 91.87 49.42 47.91 5.30
41.22 23.81 24.29 3.90 97.19 46.75 49.66 5.99
39.86 25.66 22.11 1.86 80.70 53.09 44.05 3.05
29.11 14.75 16.04 5.31 48.49 31.10 37.09 6.39
36.33 20.76 20.44 3.20 90.53 44.15 46.20 6.70
43.78 23.73 23.82 3.81 76.41 51.71 59.26 3.74
31.09 20.95 17.22 2.34 74.47 61.67 39.96 3.41
28.01 17.32 16.90 3.59 67.15 41.83 36.19 7.38
32.99 21.23 18.93 2.79 84.44 62.52 44.93 3.86
25.37 15.92 15.29 3.37 60.16 37.91 32.41 6.13
26.94 13.78 15.02 5.31 44.92 28.48 34.73 6.44
35.73 20.45 19.87 2.94 88.31 43.37 44.42 5.73
48.09 24.41 26.54 4.88 86.34 52.90 67.71 4.75
25.34 15.75 15.26 3.88 60.42 37.95 32.24 7.94
37.96 18.31 20.69 4.35 69.88 44.11 52.33 5.33
28.22 19.86 16.40 5.86 66.30 54.57 37.24 4.76
38.48 25.75 21.26 1.72 75.79 53.16 41.63 2.87
41.70 21.27 22.96 4.23 74.61 47.96 59.19 4.39
41.14 24.10 24.42 4.12 97.22 47.11 50.11 6.44
35.76 20.37 19.78 2.78 88.12 43.11 43.92 5.23
38.84 18.66 21.32 4.90 71.85 45.33 54.26 6.04
39.06 20.94 21.26 3.61 68.05 46.96 53.53 3.76
41.11 24.17 24.68 4.46 97.40 47.42 51.03 7.38
28.04 17.04 16.89 3.94 67.12 41.26 35.71 8.18
35.72 20.95 19.46 2.69 82.56 42.60 40.56 5.21
38.35 22.73 22.35 1.85 82.84 57.92 64.41 4.53
39.02 25.50 20.06 8.49 96.56 60.91 38.47 7.19
39.96 25.26 21.78 10.22 102.58 61.52 42.51 8.83
36.99 19.05 19.96 3.72 63.89 43.36 47.55 4.61
38.93 22.47 21.46 3.06 92.55 46.24 45.70 6.14
32.07 20.17 17.52 19.24 81.90 51.17 35.22 28.00
38.74 23.12 22.83 4.05 87.87 44.34 45.04 6.08
36.22 22.61 20.97 1.69 76.82 57.43 59.73 4.24
36.67 22.12 21.36 3.59 81.06 41.87 41.09 5.31
38.97 19.63 21.15 4.07 68.54 45.70 51.07 5.04
33.60 20.29 18.45 2.56 74.06 40.87 37.92 4.83
28.11 16.46 17.25 2.65 57.65 35.58 50.05 7.88
41.22 24.98 26.07 23.95 111.52 63.57 54.46 47.56
41.32 23.71 24.30 3.91 97.36 46.81 49.71 5.99
29.74 20.62 17.41 6.27 70.99 57.29 39.77 5.23
32.88 22.00 19.93 7.01 83.70 62.71 46.56 6.38
40.34 24.56 25.08 23.70 108.32 62.57 51.91 47.06
37.02 21.52 22.91 2.60 82.35 54.36 75.68 7.54
34.91 20.86 19.31 2.77 78.53 42.33 40.35 5.31
30.21 19.32 18.74 20.37 68.90 39.03 35.15 25.66
28.70 20.15 16.74 6.19 67.76 55.43 38.09 4.76
30.03 17.54 18.37 2.71 61.11 37.88 52.47 8.51
36.41 21.32 22.40 2.50 80.63 53.63 72.81 6.94
36.10 20.56 19.93 2.83 89.04 43.39 44.32 5.38
32.75 21.03 20.24 21.15 74.57 44.65 37.86 26.23
30.00 18.31 16.99 2.79 63.20 33.73 33.79 5.78
34.58 18.34 19.55 7.20 56.42 36.07 45.44 7.77
31.80 21.30 19.97 2.24 66.67 51.73 60.74 5.92
34.71 22.00 19.56 2.81 85.89 64.26 44.75 4.04
37.35 24.02 23.19 7.96 101.81 69.52 56.02 7.21
33.30 20.71 18.44 20.31 86.54 53.00 37.50 31.89
36.08 22.02 20.93 3.16 93.64 64.17 48.52 4.48
34.90 21.00 20.71 18.64 94.55 54.38 43.24 28.25
35.81 23.27 21.77 7.75 96.04 67.81 52.81 6.21
30.33 16.41 17.34 6.71 49.13 31.56 40.18 7.32
38.38 22.07 21.46 2.96 91.59 46.05 47.00 5.67
33.37 21.71 20.95 2.42 70.45 53.25 64.63 6.53
32.93 20.56 19.80 2.58 87.94 61.26 47.08 4.23
31.88 19.92 17.47 18.85 82.08 50.66 35.29 27.62
25.75 16.52 15.33 3.35 61.19 39.75 32.71 5.53
29.13 16.00 16.75 7.49 47.48 30.16 38.99 7.65
37.76 18.56 20.12 3.29 68.46 45.04 50.57 3.67
32.23 19.70 18.22 2.75 67.33 36.44 36.06 5.63
38.25 21.97 21.26 2.86 91.06 45.82 46.49 5.43
33.32 17.65 19.02 7.90 55.07 34.01 44.73 8.12
33.73 17.40 17.90 2.92 59.86 42.46 44.66 3.31
32.29 20.60 18.85 2.33 82.59 61.40 44.14 3.86
28.62 18.15 17.14 3.60 68.93 44.67 36.75 6.96
35.62 23.59 18.14 9.47 89.79 61.37 35.44 9.75
37.19 21.97 21.97 3.67 101.00 61.92 52.52 7.83
31.85 18.87 18.62 2.14 68.36 45.71 57.30 6.13
32.87 16.16 17.65 4.38 59.59 38.11 45.22 5.27
31.52 15.73 16.84 4.09 56.34 36.57 42.54 4.94
33.71 20.36 19.41 3.13 87.33 56.91 45.28 6.08
31.78 23.46 20.97 1.68 63.23 59.25 58.96 3.81
37.98 23.86 20.20 9.58 98.59 61.21 40.09 9.51
30.77 18.53 17.60 3.20 78.42 51.40 40.45 5.72
35.37 19.22 18.97 2.67 59.73 46.80 45.24 3.05
32.62 19.63 19.29 3.63 86.97 55.61 45.09 6.68
36.60 24.65 23.78 1.94 73.34 61.94 67.48 4.33
29.52 23.00 17.52 5.07 62.43 67.05 38.84 3.43
34.40 20.61 20.96 3.64 98.18 60.61 51.41 7.53
36.17 22.69 19.86 2.18 76.59 44.40 39.90 4.05
26.66 16.19 15.14 3.18 56.14 30.01 29.62 6.35
36.06 17.16 19.34 4.64 67.33 41.09 50.61 5.40
30.35 15.45 17.02 4.86 51.53 33.26 39.41 6.00
29.55 17.75 16.65 3.23 62.47 33.39 32.97 6.73
36.83 17.39 19.96 5.41 69.11 42.26 52.64 6.41
35.29 21.24 22.07 3.83 101.74 62.64 54.11 8.44
34.66 20.31 20.61 3.75 97.16 59.24 49.98 6.06
36.96 17.53 19.68 4.40 68.80 41.60 51.39 5.02
37.07 22.62 22.17 4.74 75.83 39.16 39.55 7.91
36.01 22.78 19.82 2.05 76.14 47.48 39.52 3.35
35.28 17.51 19.55 5.33 60.45 38.84 45.37 6.67
34.96 20.84 21.76 4.24 100.28 61.33 52.75 7.75
34.20 20.40 20.54 3.51 96.80 59.91 50.42 7.13
30.30 22.80 18.18 5.58 65.56 66.84 40.60 3.43
34.43 20.35 20.76 3.83 96.89 59.53 50.22 6.38
32.04 19.84 19.42 4.59 65.40 34.12 34.47 7.67
38.80 23.29 21.52 2.33 85.80 48.61 44.24 3.71
29.54 15.39 16.65 5.02 48.82 32.11 37.29 6.32
32.26 20.76 20.18 23.07 73.62 44.68 36.81 45.03
31.05 19.56 17.09 3.05 77.07 53.77 40.04 5.09
34.53 18.58 18.83 5.03 59.82 38.09 46.92 5.26
29.90 18.09 18.58 2.69 59.98 39.02 54.71 8.63
41.47 20.39 22.81 6.19 74.18 44.74 59.30 6.57
38.67 19.92 21.05 5.08 67.55 42.55 53.11 5.45
38.43 20.88 23.02 2.44 87.68 53.70 74.65 6.94
35.83 22.69 22.44 23.51 82.75 50.39 41.22 46.08
31.49 19.42 19.12 4.56 64.60 33.52 33.94 7.52
36.23 22.64 19.97 2.25 77.40 44.60 40.34 4.30
35.82 19.00 19.61 5.36 62.68 39.46 49.30 5.61
27.18 16.72 16.95 2.64 54.18 35.61 49.84 7.93
31.75 20.01 17.80 3.24 80.59 55.98 42.03 5.51
25.76 15.49 14.67 3.19 54.76 28.69 29.04 6.67
40.29 23.90 24.92 17.70 108.20 56.50 52.55 17.32
39.14 23.87 23.31 17.34 104.72 58.59 48.49 17.01
33.80 21.06 19.88 3.66 91.22 60.50 47.90 6.74
39.02 23.93 21.64 2.45 85.65 47.84 44.60 4.65
36.97 19.40 20.00 4.71 63.58 40.41 49.73 5.04
38.90 21.08 23.50 2.57 88.95 54.15 77.91 7.63
38.47 19.85 21.36 6.67 69.11 42.51 55.19 6.87
34.27 21.55 18.01 21.11 84.85 50.92 36.15 26.52
30.55 20.43 18.35 8.06 71.35 48.44 38.85 6.84
41.66 24.88 24.99 3.33 97.13 49.38 50.69 4.67
43.01 21.38 23.67 6.60 78.27 47.28 62.11 6.97
34.23 20.26 19.19 3.36 70.54 37.54 37.31 6.84
38.78 19.55 21.03 3.05 68.07 47.89 51.31 3.49
33.36 20.89 18.23 1.97 75.87 44.44 37.78 3.37
40.41 25.02 23.86 2.77 90.74 49.32 46.70 3.94
44.80 21.76 24.75 7.28 81.18 49.22 64.76 7.46
45.45 26.71 25.33 2.52 107.49 55.00 55.07 4.97
36.03 19.08 19.41 2.72 61.57 46.61 46.64 3.12
36.67 23.65 21.96 8.20 87.91 57.07 46.84 7.43
46.03 23.05 25.60 6.52 84.66 50.23 67.21 6.60
36.05 21.55 19.78 2.12 83.78 46.05 41.83 3.55
30.03 18.15 16.99 3.24 62.14 33.48 33.06 6.42
32.52 19.10 19.08 2.20 70.19 46.64 59.17 6.40
34.97 22.05 18.68 21.65 88.04 52.97 37.75 29.05
36.99 22.60 22.46 4.00 105.98 66.54 55.67 7.62
36.31 22.09 21.57 3.79 102.62 64.69 53.46 6.81
37.12 22.77 21.11 22.09 97.09 55.53 43.71 30.12
45.06 22.60 24.84 6.13 82.72 48.90 65.12 6.21
37.21 21.67 20.78 2.58 90.29 46.30 45.66 4.32
34.43 19.85 20.42 2.41 75.54 49.44 64.66 7.16
45.23 26.52 25.39 2.63 108.06 55.05 55.62 5.43
38.39 24.73 22.51 2.55 84.05 48.54 42.97 3.65
36.32 22.26 21.11 1.73 77.64 56.93 60.51 4.22
36.72 21.44 20.10 2.83 85.93 43.80 42.26 5.52
40.13 25.55 21.03 8.52 100.58 60.59 40.31 7.13
34.79 18.38 18.36 2.90 60.97 44.49 45.29 3.25
36.14 21.82 20.98 3.49 79.35 41.09 40.19 5.14
40.99 23.38 23.98 2.03 89.70 59.32 70.25 5.02
31.22 20.45 18.01 2.22 78.17 60.46 41.71 3.71
30.71 20.90 19.26 2.15 64.04 50.22 58.20 5.55
39.35 25.42 20.01 7.49 96.19 59.33 37.95 6.17
44.09 21.53 23.77 4.60 77.62 48.77 57.23 5.24
35.12 20.60 19.09 2.61 80.67 41.73 39.66 5.04
32.37 21.09 18.10 2.50 78.41 61.87 41.18 3.71
38.62 19.55 20.90 3.88 67.31 44.90 49.95 4.75
38.47 23.06 22.68 3.99 87.14 44.22 44.84 6.10
45.84 23.72 25.25 4.60 81.77 51.61 64.30 4.51
36.42 20.77 20.39 3.11 90.69 44.13 45.96 6.25
37.89 18.33 20.55 4.08 69.30 43.92 51.73 4.91
32.14 15.80 17.53 5.59 55.38 34.91 41.85 6.68
38.57 25.44 21.34 1.77 76.65 52.52 41.97 2.92
30.71 18.87 18.66 3.72 75.75 47.57 40.35 7.70
31.80 21.05 17.85 2.46 77.93 62.04 41.70 3.56
24.29 15.21 14.64 3.75 57.86 36.70 30.78 7.26
26.08 16.35 15.71 3.55 61.67 39.12 33.15 6.83
35.76 20.45 19.82 2.88 88.21 43.29 44.16 5.51
27.34 14.10 15.19 5.14 45.44 29.43 35.04 6.23
41.58 25.91 23.19 2.02 87.39 53.83 47.23 3.31
38.90 21.15 21.13 3.67 67.38 47.56 52.89 3.80
32.54 19.77 17.77 2.43 70.77 39.38 36.20 4.59
26.11 16.27 15.72 3.83 62.09 39.39 33.06 7.73
30.61 20.99 16.85 2.29 72.49 61.82 38.98 3.36
40.28 23.59 23.82 3.92 94.86 45.96 48.67 6.06
43.42 23.88 23.54 3.70 75.18 51.88 58.17 3.64
41.09 24.05 24.49 4.28 97.16 47.18 50.41 6.81
40.41 21.20 22.08 3.85 71.03 47.52 56.05 3.98
25.82 13.37 14.40 5.10 42.80 27.51 33.15 6.14
38.62 18.53 21.28 5.21 71.73 45.34 54.41 6.52
30.60 18.67 18.63 3.96 76.09 47.61 40.19 8.42
24.84 15.50 15.02 3.49 59.47 37.21 32.16 6.77
38.22 22.01 21.53 3.10 91.82 46.08 47.56 6.20
28.20 15.51 16.23 7.21 46.12 29.25 37.94 7.36
32.28 21.44 20.28 2.31 67.89 52.34 62.04 6.10
34.16 21.53 19.58 2.84 86.08 63.23 45.05 4.08
24.76 15.94 14.78 3.31 58.94 38.25 31.49 5.42
36.21 23.57 22.12 7.63 96.73 67.89 53.27 6.12
31.74 20.59 18.41 2.27 80.27 61.14 42.92 3.77
33.37 20.62 18.95 21.04 88.40 53.36 38.95 35.74
35.79 21.68 21.60 3.49 97.44 64.25 51.04 4.89
36.18 22.39 22.72 2.60 77.80 55.85 72.08 7.45
37.54 21.64 20.92 2.90 89.44 45.11 45.87 5.57
32.33 17.40 18.40 6.80 52.34 33.52 42.62 7.18
34.91 18.23 18.45 2.92 61.56 43.96 45.64 3.28
26.81 17.10 15.98 3.45 63.73 41.33 34.04 6.00
33.60 21.65 18.88 2.67 82.19 63.07 42.95 3.92
33.27 20.46 20.50 2.89 92.15 60.87 49.31 4.71
30.52 18.80 17.31 2.74 63.91 34.68 34.19 5.64
37.11 17.90 19.98 3.71 68.57 43.58 51.51 4.23
30.57 16.77 17.54 7.66 49.93 31.82 40.80 7.80
30.36 20.61 19.04 2.17 63.23 49.74 57.64 5.64
33.94 20.50 19.05 2.82 71.66 38.26 38.13 6.12
34.59 17.57 18.40 3.07 61.93 42.72 46.10 3.46
29.63 15.96 16.93 6.40 47.98 30.59 39.32 6.78
32.09 20.43 18.95 2.38 83.27 60.73 44.53 3.93
36.33 23.42 21.99 7.51 97.48 68.07 53.37 6.06
37.84 21.75 23.53 2.67 84.53 55.20 79.14 8.05
34.04 20.45 18.71 2.64 75.42 41.08 38.63 4.99
28.55 18.60 17.70 20.07 65.38 38.54 33.20 24.78
38.32 18.56 20.81 4.11 70.44 44.45 52.44 4.94
29.39 20.54 17.22 6.32 69.91 56.69 39.29 4.92
38.70 23.58 24.33 24.52 105.02 61.43 50.87 47.42
30.85 21.13 18.30 6.16 75.21 59.57 42.09 5.61
36.58 21.48 20.45 3.02 84.61 44.29 43.68 5.98
37.54 21.70 23.16 2.58 83.86 54.97 76.58 7.62
31.18 20.10 19.30 20.59 70.98 41.70 36.15 25.85
32.97 20.03 18.03 2.47 71.86 39.99 36.80 4.65
28.49 16.75 17.48 2.69 57.90 35.96 50.02 8.28
24.10 15.16 14.58 3.39 57.44 36.33 30.89 6.12
32.58 18.70 19.83 2.73 66.64 41.16 56.58 8.91
39.40 23.96 24.42 23.88 106.18 62.22 50.69 47.02
25.48 13.14 14.21 4.94 42.45 27.19 32.88 5.97
34.59 18.48 18.86 5.04 59.92 37.61 47.01 5.23
35.19 20.84 21.27 3.63 100.08 60.79 52.26 7.56
36.40 17.30 19.46 4.42 67.80 41.40 50.79 5.10
27.71 16.75 15.68 3.18 58.22 31.09 30.72 6.40
35.30 22.76 19.36 1.95 73.80 47.32 38.35 3.21
30.06 19.06 16.48 2.96 73.78 52.37 38.38 4.92
36.33 17.22 19.55 4.91 67.92 41.52 51.37 5.77
33.29 20.37 20.15 4.67 68.82 35.21 35.84 7.79
32.83 19.33 18.39 3.25 71.95 37.53 37.55 6.93
34.42 20.70 21.16 3.70 98.38 60.86 51.87 7.83
31.98 16.20 17.95 5.23 53.52 34.48 40.60 6.58
37.19 23.13 20.52 2.14 79.89 48.38 41.39 3.47
25.78 15.67 14.65 3.10 54.43 29.05 28.72 6.03
40.82 24.47 24.22 4.78 85.92 43.81 44.44 8.10
29.70 23.03 17.77 5.34 63.60 67.71 39.52 3.31
34.57 20.47 21.11 3.97 98.03 60.12 51.12 6.76
32.45 23.25 19.59 5.86 71.72 67.98 44.19 3.72
36.76 19.33 19.87 4.63 63.11 40.07 49.37 4.90
33.80 19.99 20.23 3.68 94.55 58.43 48.97 6.19
28.71 14.93 16.20 4.90 47.77 31.33 36.58 6.20
34.05 20.99 20.54 4.61 69.59 36.12 36.50 7.58
33.56 21.18 18.30 1.96 75.79 45.06 37.76 3.39
30.73 18.51 17.40 3.13 77.49 50.92 39.91 5.50
33.49 25.29 22.04 1.63 65.70 63.07 59.73 4.33
33.45 21.46 17.47 21.04 82.38 51.42 34.93 27.24
31.63 15.81 16.90 3.98 56.62 36.76 42.81 4.80
35.86 21.42 20.83 3.38 94.76 59.42 49.04 6.75
33.72 24.13 22.14 1.77 67.02 60.70 62.36 3.98
31.84 19.10 18.47 3.42 82.94 53.37 42.85 6.13
37.36 23.84 19.65 9.95 96.21 61.74 38.89 10.19
38.44 24.66 22.54 2.54 84.06 48.39 43.00 3.63
37.74 23.70 20.74 11.17 99.34 61.70 41.44 11.25
33.71 20.33 19.22 3.05 86.35 56.52 44.71 5.93
31.22 15.87 16.57 3.74 54.93 36.08 41.32 4.45
35.11 20.72 19.01 2.56 80.08 41.69 39.19 4.92
32.97 21.15 18.58 2.59 80.87 62.27 42.44 3.82
26.40 16.87 15.73 3.46 62.89 40.65 33.60 5.92
29.44 18.24 16.71 2.76 61.48 33.48 32.93 5.63
30.49 20.58 19.12 2.20 63.61 49.77 57.92 5.75
36.77 24.87 18.52 8.20 90.30 60.81 35.77 6.90
29.78 16.31 17.11 7.51 48.53 30.79 39.76 7.66
29.64 15.87 16.91 6.50 48.35 30.77 39.61 6.98
33.56 20.37 18.91 2.83 70.68 37.93 37.78 6.07
36.74 18.38 19.53 3.17 65.97 44.55 49.05 3.52
35.47 18.77 20.08 7.90 59.39 37.23 47.75 8.06
30.48 19.13 18.34 3.61 75.74 48.73 40.10 6.75
35.75 23.11 21.55 7.45 94.88 67.25 52.11 5.87
32.24 20.39 19.13 2.44 84.36 60.47 45.04 3.99
33.43 21.86 21.01 2.38 70.71 53.41 64.50 6.47
27.95 15.24 16.12 7.49 45.85 28.69 37.86 7.74
38.78 22.12 21.76 3.03 93.12 46.40 48.08 5.93
37.05 19.22 20.77 7.34 61.35 38.79 49.03 7.90
36.67 23.90 22.96 8.01 100.03 69.66 55.25 7.01
32.09 19.97 17.78 20.79 83.60 51.32 36.22 34.63
24.23 15.61 14.48 3.35 57.63 37.36 30.85 5.69
34.33 21.48 19.75 2.87 87.10 63.04 45.57 4.08
35.73 21.52 20.70 3.38 77.84 40.22 39.32 4.98
33.86 20.76 19.54 19.98 90.58 53.88 40.40 31.96
31.30 20.29 18.20 2.25 79.12 60.19 42.30 3.74
35.74 23.28 21.84 7.75 95.98 67.96 52.84 6.33
37.53 21.70 20.90 2.86 89.15 45.11 45.62 5.45
36.68 18.83 19.26 2.90 64.51 45.17 47.20 3.20
31.62 16.99 18.03 6.89 51.21 32.62 41.77 7.27
44.26 24.30 23.84 3.72 76.07 52.48 58.39 3.65
33.90 20.20 18.56 2.54 74.61 40.09 38.11 4.83
30.59 21.05 16.68 2.30 71.94 61.29 38.76 3.38
30.66 17.50 18.79 2.68 63.88 39.14 55.77 8.18
31.96 18.22 19.52 2.71 65.64 39.90 56.22 8.97
38.95 23.70 24.07 24.35 104.90 61.15 49.86 46.61
35.41 22.32 22.05 21.55 83.53 48.99 42.26 28.50
34.95 20.82 19.29 2.71 78.42 42.19 40.13 5.18
37.96 21.80 23.54 2.66 84.84 55.37 78.85 8.40
39.33 23.95 25.18 24.48 106.94 62.09 52.89 48.05
29.55 20.62 17.33 6.31 70.41 57.14 39.51 5.04
32.12 21.27 19.22 6.91 79.97 59.44 44.57 6.03
38.83 21.22 21.02 3.49 67.06 47.58 52.58 3.64
39.38 24.02 24.65 24.51 106.57 62.20 51.26 47.61
37.51 21.67 23.09 2.57 83.73 55.02 76.26 8.36
26.35 15.99 14.97 3.15 55.79 29.71 29.46 6.39
32.83 16.73 18.32 5.21 54.85 35.86 41.50 6.54
36.18 22.77 19.92 2.05 77.01 47.50 39.91 3.34
29.34 23.00 17.51 5.05 62.58 67.47 38.87 3.28
34.20 20.37 21.07 3.99 97.34 59.99 50.97 7.20
26.67 16.38 16.64 2.62 53.37 34.87 49.20 7.70
31.03 22.83 18.69 5.67 68.02 67.13 41.89 3.54
34.25 20.21 20.56 3.75 96.08 59.18 49.71 6.11
29.45 15.28 16.58 5.04 49.06 32.04 37.39 6.30
38.79 22.94 21.67 2.54 88.06 48.02 45.52 4.14
36.93 22.26 22.12 4.80 75.94 38.60 39.45 8.09
34.16 20.52 21.03 3.67 97.74 60.54 51.52 8.00
36.85 17.45 19.69 4.51 68.68 41.74 51.52 5.19
35.52 23.10 19.43 1.94 73.74 48.12 38.39 3.19
28.56 17.30 16.12 3.17 60.17 32.23 31.74 6.28
31.90 19.69 19.33 4.57 65.26 33.91 34.34 7.58
37.64 17.65 20.31 5.22 70.63 42.62 53.49 6.09
38.85 21.13 23.13 2.38 88.44 54.20 73.99 6.65
34.65 20.86 21.48 3.77 99.44 61.46 52.60 8.11
34.46 25.03 22.69 1.74 68.19 62.98 62.57 4.36
31.48 19.01 18.11 3.32 81.04 52.92 41.77 5.88
31.60 18.64 17.75 3.30 64.73 33.93 34.09 6.34
35.88 23.58 18.43 9.90 91.11 61.52 36.10 10.36
32.82 19.76 19.77 3.75 89.36 56.65 46.61 7.17
33.33 20.17 18.95 3.02 85.02 55.73 43.98 5.81
36.29 22.95 19.45 10.60 94.80 60.19 38.73 10.75
30.79 15.48 16.37 3.67 54.56 35.07 41.08 4.41
37.39 23.88 24.07 2.10 76.11 60.43 70.45 4.59
36.17 21.75 21.84 3.69 99.41 62.57 52.10 7.56
30.85 18.40 17.47 3.16 77.87 50.24 40.06 5.56
32.23 24.71 21.22 1.61 63.58 61.64 58.33 3.81
33.84 16.33 18.25 4.75 62.21 38.87 47.44 5.67
31.64 15.82 16.92 3.92 56.65 36.81 42.77 4.74
34.17 20.65 19.76 3.21 89.05 57.87 46.21 6.26
44.28 26.09 24.66 2.48 104.52 53.68 53.61 4.88
36.98 23.08 20.37 2.28 79.01 45.47 41.20 4.29
39.81 21.46 24.30 2.71 91.29 55.49 82.39 8.47
26.32 16.30 16.41 2.60 52.05 34.25 47.92 7.45
36.82 19.10 20.25 5.65 65.03 39.37 51.34 5.87
39.27 24.00 23.90 18.60 105.50 59.10 50.10 19.24
31.48 19.84 17.73 3.26 80.28 55.80 41.81 5.66
39.58 23.89 23.54 16.94 105.75 57.58 48.98 16.83
38.93 21.08 23.46 2.54 88.93 54.35 77.18 7.40
36.88 19.40 19.98 4.77 63.56 40.56 49.74 5.16
40.00 24.16 22.25 2.54 89.01 48.66 46.37 4.94
31.93 20.58 19.99 22.92 73.13 44.14 36.46 44.86
34.73 22.76 19.04 1.91 72.05 47.43 37.50 3.20
30.90 19.55 17.11 3.07 77.15 54.21 40.15 5.15
29.34 17.66 18.24 2.68 58.78 37.59 53.75 8.53
34.79 18.72 18.98 5.07 60.31 38.33 47.33 5.28
33.74 19.98 20.85 2.72 69.21 45.25 62.16 8.86
38.64 21.01 23.08 2.42 88.03 53.92 74.52 6.74
38.76 19.97 21.14 5.24 67.85 42.60 53.41 5.68
34.66 22.14 21.68 23.35 79.47 48.52 39.64 45.49
32.66 18.86 18.26 3.35 66.24 34.16 34.78 6.43
46.27 22.98 25.65 6.41 85.16 50.03 67.42 6.52
35.02 21.12 19.33 2.19 82.00 45.18 41.04 3.70
33.31 19.40 19.61 2.27 72.39 47.69 61.23 6.61
47.29 27.86 26.69 2.80 113.95 57.91 58.84 6.04
35.69 21.88 21.57 3.87 101.67 64.53 53.48 7.17
36.01 21.85 19.40 21.18 91.22 51.77 39.43 26.00
30.86 15.80 16.35 3.63 53.90 35.76 40.58 4.34
36.90 22.25 21.80 3.83 104.13 64.76 53.94 6.83
45.74 22.81 25.16 5.87 83.98 49.21 65.84 5.93
38.64 24.60 22.69 2.59 85.00 48.31 43.45 3.64
46.25 27.16 25.87 2.60 109.98 56.11 56.39 5.19
35.88 19.97 21.37 2.50 79.70 49.64 68.92 7.72
34.13 20.49 19.30 3.03 86.83 55.98 44.72 5.86
36.36 24.84 23.29 1.89 73.44 62.02 64.63 4.16
33.75 21.50 17.73 21.37 83.63 51.76 35.56 27.39
29.38 19.58 17.71 7.87 68.51 46.63 37.48 6.50
43.36 21.54 23.85 6.64 78.99 47.69 62.47 7.03
34.49 21.47 18.87 2.01 78.75 46.12 39.30 3.49
37.94 18.97 20.65 3.10 67.14 46.49 50.77 3.60
30.09 18.16 16.96 3.05 75.24 49.84 38.78 5.35
47.08 27.50 26.19 2.54 111.91 56.91 57.05 5.07
40.48 24.97 23.96 2.83 91.43 49.34 47.11 3.99
43.55 21.62 24.07 7.09 79.41 48.13 63.37 7.47
38.52 22.53 21.49 3.36 82.35 43.28 43.16 6.92
35.74 18.89 19.27 2.75 61.14 46.08 46.35 3.18
36.83 24.74 18.60 8.43 90.60 60.53 35.81 7.17
35.96 21.15 19.49 2.59 82.32 42.49 40.19 5.01
40.30 19.99 21.91 4.28 71.40 46.87 53.06 5.23
39.75 23.23 23.61 4.32 91.84 44.82 47.63 6.69
37.55 19.20 20.32 3.77 65.19 43.87 48.53 4.66
35.88 23.14 21.55 7.41 94.99 66.83 52.01 5.93
37.27 22.43 21.76 3.68 82.89 42.40 42.15 5.43
28.93 15.63 16.52 6.28 46.95 29.92 38.53 6.62
38.84 23.39 22.26 1.74 82.20 58.73 62.57 5.00
24.07 15.50 14.39 3.29 57.41 37.17 30.69 5.43
36.89 21.57 20.13 2.78 85.69 43.84 42.04 5.40
38.37 25.01 19.87 9.20 96.06 60.97 38.43 7.92
27.63 15.06 15.91 7.28 45.25 28.34 37.37 7.47
41.01 25.51 23.21 10.62 106.25 61.69 45.66 9.01
40.65 23.44 23.61 1.94 88.18 59.40 68.00 5.04
36.19 21.71 20.98 3.44 79.42 40.65 40.25 5.08
40.42 22.82 22.43 3.25 97.50 47.15 48.36 6.80
30.20 20.88 16.58 2.27 71.19 61.27 38.31 3.28
26.88 16.66 16.16 3.86 64.02 40.45 34.07 7.98
40.38 23.66 23.94 4.03 95.31 46.13 49.02 6.31
42.32 21.34 23.40 4.63 76.11 47.95 60.79 4.80
43.16 23.87 23.39 3.73 74.50 51.87 57.61 3.65
38.32 18.50 20.98 4.58 70.72 44.69 53.16 5.59
26.18 13.50 14.59 5.07 43.50 27.94 33.68 6.10
42.33 24.16 25.25 4.44 99.88 48.18 51.84 6.93
40.41 21.29 22.06 3.76 71.04 48.00 55.93 3.91
40.63 24.42 25.04 24.17 109.10 61.98 51.79 46.33
24.96 15.75 15.07 3.42 59.46 37.45 32.04 6.33
38.00 18.38 20.67 4.20 69.81 44.01 52.15 5.08
45.32 24.12 24.68 3.96 79.39 52.44 61.50 3.86
27.58 17.96 17.11 20.04 63.49 37.60 32.30 23.97
36.01 20.62 20.20 3.12 89.55 43.86 45.52 6.34
40.25 25.61 22.18 1.77 79.78 52.82 43.51 2.90
24.47 15.34 14.77 3.78 58.12 36.88 30.97 7.56
31.24 20.89 17.44 2.40 75.70 61.56 40.54 3.45
26.79 16.75 16.14 3.57 63.42 40.31 34.09 7.02
33.23 21.11 19.50 2.90 87.63 62.46 46.44 4.17
47.61 24.15 26.36 4.73 85.90 52.69 67.57 4.70
36.37 20.57 20.21 2.96 90.34 43.41 45.45 5.75
38.59 20.99 20.95 3.57 66.79 47.12 52.36 3.71
28.73 14.59 15.93 5.47 48.03 30.63 36.87 6.61
41.75 25.86 23.18 1.98 86.47 53.76 46.74 3.26
