-1.47 12.98 2.72 -1.00 -0.30 0.10 0.98
-3.18 1.88 -1.42 4.56 1.28 1.03 1.15
1.63 -2.02 3.14 3.81 -2.93 2.23 -1.22
-5.16 0.82 4.77 0.22 3.82 -1.65 -1.09
-0.10 -1.87 2.18 -1.50 3.81 -1.68 -1.23
2.73 -4.27 0.20 -1.88 4.82 -1.23 -0.86
1.55 11.04 2.05 -2.12 -0.83 0.13 0.55
5.59 -5.16 -0.29 -3.10 5.38 -2.33 -0.41
-3.54 -1.13 -1.11 0.10 -2.81 -0.19 -1.18
-8.36 1.79 4.81 0.59 3.66 -1.59 -0.97
-2.16 1.46 -2.86 3.89 1.27 1.07 1.15
13.47 13.86 -3.20 -5.17 1.35 -1.13 -1.19
12.16 14.05 -3.37 -5.09 1.26 -0.76 -1.28
-0.65 -1.99 -1.43 -0.51 -2.94 -0.65 -1.16
3.35 -4.52 -0.07 -2.16 4.96 -1.43 -0.71
0.99 11.93 -3.61 -2.08 0.50 1.66 -1.17
1.34 -2.45 -4.53 2.45 1.00 -0.45 -0.00
2.36 -2.68 5.05 2.82 3.97 1.96 -1.90
-9.79 2.91 -0.93 3.21 0.34 -1.53 0.60
-9.25 2.92 3.19 -2.78 0.12 0.53 0.73
-2.89 -3.75 -2.17 -4.24 -0.15 1.01 0.33
-5.93 1.54 3.45 2.04 -2.62 -1.37 -0.09
-6.48 1.71 2.37 -3.58 -0.11 0.69 0.59
0.64 -2.77 -2.16 -0.81 -2.92 -1.06 -0.92
-6.17 -3.05 -3.07 -3.83 -0.18 1.86 -0.49
-0.17 -0.90 1.56 0.94 -2.99 -1.13 -0.53
-6.77 1.86 -1.92 2.66 0.35 -1.40 0.35
-4.48 -0.34 0.20 -5.13 -0.67 0.78 1.89
-7.56 2.25 4.17 2.42 -2.45 -1.58 0.17
1.77 -3.00 -2.82 -1.51 -2.90 -1.42 -0.95
0.22 -1.74 4.50 1.52 5.08 0.31 -1.31
-0.15 -1.38 -3.25 4.02 0.94 1.16 -0.26
3.52 12.78 -4.07 -3.02 0.71 1.06 -1.53
7.14 -0.79 -3.20 3.12 1.48 -0.51 2.14
-1.42 -2.00 3.03 -1.72 -0.07 1.16 1.16
3.45 -2.17 -3.15 3.50 0.96 -0.04 0.29
5.56 -0.53 -3.30 3.24 1.34 -0.19 2.13
-7.97 2.49 4.80 -2.19 0.18 0.43 1.03
2.03 -2.84 2.72 0.25 5.11 -0.20 -1.04
1.85 -2.96 -1.95 -0.87 -2.92 -1.26 -0.84
0.96 -2.30 5.01 3.59 4.89 2.88 -1.66
-3.19 5.57 5.20 6.50 0.97 -1.76 3.48
3.56 -3.37 1.19 -4.66 0.02 0.24 1.44
4.53 2.90 -1.10 3.56 -0.92 3.20 -0.28
-4.08 0.23 -3.53 2.65 0.66 -0.61 0.03
7.48 2.80 -1.95 1.40 -0.83 1.44 0.50
-2.01 -0.43 -4.30 2.13 0.73 -0.83 -0.03
3.82 -3.39 4.96 2.62 4.81 1.93 -1.07
2.92 -0.94 -2.07 3.50 1.09 -1.27 0.44
3.46 3.43 -0.47 4.22 -0.86 3.99 -0.65
-7.00 -2.02 -3.53 -4.75 -0.15 0.94 -0.10
-8.97 -1.49 -3.30 -4.22 -0.09 1.13 -0.30
3.94 -1.61 -3.69 3.20 1.23 -1.57 0.72
5.91 -4.13 3.15 -3.83 -0.07 0.26 1.57
-0.24 -0.22 -1.85 3.74 1.01 -0.92 0.30
4.52 0.51 7.37 1.68 -3.86 -1.39 0.37
2.71 17.65 6.34 -0.76 0.63 -1.43 0.02
-3.66 -3.18 -3.27 -5.24 -0.18 0.36 0.44
-1.17 -2.08 -0.03 1.61 -2.87 1.46 -1.53
-1.45 0.49 -2.51 5.46 1.65 3.67 0.85
2.46 -1.59 -4.64 1.97 1.17 -1.74 0.28
1.47 -1.68 -5.46 1.28 0.94 -1.55 0.21
2.24 -0.52 -3.16 4.25 1.53 2.13 1.57
-2.87 2.79 6.83 2.32 -3.04 -1.42 0.49
0.02 -2.72 -0.91 0.67 -2.97 0.65 -1.25
-9.16 0.78 0.50 -3.15 -0.22 0.51 0.50
3.45 -1.78 -4.79 1.75 1.24 -1.92 0.25
-2.10 0.88 -1.98 6.25 1.80 4.23 0.69
-10.32 2.07 0.14 0.34 -2.39 -1.08 -0.77
-4.01 -3.05 -4.18 -5.78 -0.17 0.26 0.36
8.43 4.81 -1.51 -0.50 -0.96 1.04 0.79
-6.58 0.51 -1.15 -0.56 -2.62 -0.99 -1.17
-11.10 1.73 1.56 -2.41 -0.05 0.36 0.68
1.22 -1.67 -4.74 1.93 0.87 -1.25 0.29
14.01 -4.81 4.16 2.08 -3.65 -2.13 0.45
4.85 -3.55 1.64 -4.63 0.10 0.13 1.71
-0.23 -2.66 1.60 -0.96 4.52 -0.78 -1.54
-1.10 -2.53 -1.61 0.63 -2.80 0.47 -1.64
8.42 -4.24 2.79 -5.08 0.05 -0.38 1.92
3.32 11.47 -2.15 -1.47 -0.31 2.18 -0.43
5.44 -2.11 -4.80 2.29 1.34 -1.92 0.62
-4.46 5.38 3.95 5.66 0.85 -1.51 3.15
6.57 -2.01 -2.98 3.02 1.06 -1.96 0.74
5.98 11.09 -2.97 -2.64 -0.28 1.42 -0.60
12.83 -4.50 4.13 2.36 -3.57 -1.95 0.50
-0.42 -2.98 -2.90 -0.39 -2.77 -0.41 -1.35
6.22 -4.16 2.62 -4.24 -0.02 0.13 1.60
-3.52 -2.98 -0.18 -2.05 -0.02 2.52 -0.03
-1.62 4.54 3.34 5.53 0.85 -1.35 3.04
-5.80 2.21 4.58 2.18 -2.54 -1.46 0.18
4.66 -3.47 1.17 -4.97 0.05 0.08 1.60
2.81 3.26 -0.63 4.51 -0.87 4.05 -0.66
5.77 -3.58 1.27 0.28 -3.53 -0.44 -0.59
-2.19 -1.81 2.23 -0.15 4.41 -0.41 -1.58
-1.72 -3.64 -0.41 -2.76 -0.08 1.81 0.42
-2.74 0.83 3.40 1.49 -2.86 -1.22 -0.11
5.88 -4.03 2.91 -3.99 -0.07 0.25 1.55
5.70 -3.35 0.91 -5.46 0.15 -0.05 1.70
3.84 -2.89 1.89 1.24 -3.41 0.49 -0.99
5.24 1.62 0.86 4.51 0.80 -1.04 2.62
3.30 -1.58 -4.09 2.95 1.20 -1.57 0.65
-3.53 -1.56 0.62 -3.65 -0.18 1.20 0.27
5.70 -5.17 0.50 -2.63 4.97 -2.31 -0.58
1.63 -1.84 1.86 1.89 -3.12 -0.27 -0.58
2.98 18.00 5.76 -0.96 0.79 -1.35 -0.06
-2.55 -0.70 -4.84 2.53 0.47 -0.32 1.06
10.44 7.11 -2.91 -2.81 -0.27 0.04 1.09
8.62 5.86 -2.47 -1.48 -0.58 0.83 1.00
0.47 -1.33 -4.96 2.16 0.60 -0.80 0.74
-1.47 -2.15 -0.47 -4.66 -0.16 0.87 0.45
5.52 -4.98 0.98 -2.17 4.92 -2.06 -0.65
3.78 18.14 3.26 -2.18 0.96 -0.91 -0.45
-2.91 0.96 -2.04 6.26 1.77 4.30 0.48
0.76 -2.67 1.03 -4.22 0.01 0.71 0.89
0.90 -1.32 3.28 2.42 -3.03 -0.25 -0.52
-8.06 1.34 3.80 0.16 3.78 -1.36 -0.95
-1.06 -2.11 2.32 -3.16 -0.01 1.06 0.70
-4.42 -0.12 3.08 -0.48 3.96 -1.31 -1.11
8.21 5.44 -2.17 -0.89 -0.76 1.15 0.82
11.57 14.76 1.91 -3.12 0.43 -1.06 -0.82
-9.65 3.37 -1.19 2.48 0.42 -1.66 0.34
-0.87 -3.59 -2.01 -4.88 -0.16 0.20 0.92
2.48 -4.44 1.63 -3.55 0.02 1.21 0.69
5.63 -2.93 0.14 -1.00 -3.43 -1.48 -0.38
2.97 -2.25 3.61 4.02 -2.91 2.07 -1.08
-0.68 -3.50 -2.61 -5.19 -0.10 0.13 0.95
-1.22 -2.50 -3.72 -1.34 -2.73 -1.25 -1.27
0.30 -3.60 1.79 -2.54 0.02 2.13 0.19
-6.11 1.84 -2.64 1.80 0.36 -1.50 0.04
3.20 -4.35 0.40 -1.74 4.92 -1.33 -0.73
3.25 -2.70 2.53 3.15 -3.08 1.55 -0.96
-9.56 0.11 -2.48 -4.72 -0.35 0.64 0.03
4.98 -2.86 0.27 -0.83 -3.45 -1.43 -0.39
6.34 -4.27 5.95 -1.24 -0.19 2.19 0.85
-2.25 -0.87 -3.65 4.77 1.08 2.00 -0.45
-7.78 1.80 5.29 0.75 3.78 -1.70 -0.90
-5.92 1.68 -2.16 2.11 0.33 -1.48 0.16
-0.65 -1.47 -4.22 4.02 0.98 1.13 -0.16
-9.64 2.99 -0.83 2.80 0.39 -1.59 0.46
6.88 -3.99 1.86 1.81 -3.31 -0.14 -0.32
-12.33 1.51 -1.01 -3.77 -0.14 0.53 0.02
-0.94 -2.52 -4.06 -1.63 -2.72 -1.36 -1.29
8.69 -5.27 5.89 -2.58 -0.44 1.10 1.41
1.76 -2.78 4.18 2.41 3.94 1.87 -1.96
2.16 -1.70 0.99 -0.05 -3.35 -0.75 -0.52
1.73 -3.39 0.33 -3.88 -0.07 0.37 1.37
0.46 -1.07 1.90 0.58 -3.26 -0.61 -0.52
0.70 -2.82 2.78 -2.41 -0.32 0.92 1.35
0.76 -2.79 -2.00 -0.71 -2.93 -1.02 -0.90
-1.83 -1.19 -0.44 0.66 -2.85 -0.73 -1.05
4.56 -3.58 4.71 1.99 4.04 1.12 -1.47
-7.52 2.61 5.09 2.92 -2.39 -1.70 0.32
5.43 1.56 -0.18 3.55 -1.66 2.77 -0.11
1.99 -2.02 -0.00 0.44 -3.08 -1.18 -0.89
-3.00 -1.87 1.77 -2.16 -0.10 1.19 0.85
6.02 -5.07 2.23 -0.64 4.16 -0.81 -0.75
0.32 4.03 3.78 5.88 0.74 -1.34 3.07
0.38 -4.44 -0.88 -4.01 -0.16 0.66 0.97
-3.94 1.88 5.39 2.30 -2.80 -1.46 0.31
-2.38 -1.71 2.39 -0.02 4.37 -0.41 -1.60
4.64 -3.39 1.08 -5.00 0.09 0.10 1.58
6.32 -3.56 2.02 0.71 -3.42 -0.33 -0.59
6.63 -4.29 3.20 -3.89 -0.07 0.18 1.61
-2.61 -3.44 -0.55 -2.63 -0.07 2.04 0.23
-0.54 0.06 3.24 1.22 -3.10 -1.21 -0.13
4.18 -2.80 2.43 1.54 -3.37 0.56 -0.93
3.57 -1.67 -4.15 2.90 1.17 -1.51 0.60
-1.44 -2.28 1.42 -0.70 4.33 -0.57 -1.55
4.55 -3.42 1.48 -4.68 0.10 0.16 1.61
11.13 -4.40 2.35 1.47 -3.42 -1.88 0.17
-2.51 -2.23 -2.19 0.55 -2.71 0.67 -1.81
2.93 12.06 -2.19 -1.64 -0.28 2.15 -0.61
-0.73 5.09 6.23 6.45 0.71 -1.83 3.38
4.95 11.51 -2.89 -2.42 -0.25 1.71 -0.54
6.29 -2.02 -3.44 3.03 1.15 -1.88 0.78
9.45 -4.06 2.13 1.56 -3.34 -1.73 0.10
2.10 -3.80 0.10 -2.30 4.69 -1.60 -1.14
-3.96 -2.90 -0.22 -2.03 -0.02 2.59 -0.09
-0.78 -2.78 -2.63 -0.03 -2.77 -0.07 -1.49
6.96 -4.28 2.78 -4.28 -0.05 0.07 1.68
4.95 17.80 3.21 -2.25 0.92 -0.90 -0.49
0.57 -1.26 3.59 2.27 -3.04 -0.24 -0.50
0.03 -2.50 1.33 -3.87 -0.06 0.87 0.77
-6.36 0.95 4.26 0.16 4.01 -1.49 -0.99
-1.69 -1.88 2.33 -3.02 -0.05 1.12 0.63
-2.99 -0.90 2.45 -0.98 4.00 -1.31 -1.15
0.80 -1.57 -4.74 1.90 0.85 -1.29 0.33
-12.03 2.04 1.61 -2.31 -0.07 0.33 0.65
7.99 6.04 -2.51 -1.32 -0.64 1.09 0.84
-3.95 -1.39 0.67 -3.48 -0.17 1.28 0.23
0.85 -1.61 1.94 1.89 -3.06 -0.25 -0.61
1.92 -1.49 -4.59 2.03 1.15 -1.68 0.27
7.03 -5.31 0.81 -2.98 5.25 -2.72 -0.58
-4.30 -3.08 -3.51 -5.20 -0.17 0.45 0.33
3.37 16.19 6.32 -0.80 0.17 -1.35 -0.05
-3.31 -0.54 -4.88 2.48 0.40 -0.22 1.04
-0.94 -1.03 -5.05 2.40 0.54 -0.49 0.90
8.72 6.05 -2.69 -1.68 -0.56 0.82 0.95
-1.78 -2.00 0.16 -4.34 -0.13 0.96 0.41
5.71 -5.04 1.10 -2.18 4.98 -2.09 -0.68
4.48 -2.96 0.80 0.85 -3.22 -0.88 -0.60
5.50 -2.96 0.65 -0.68 -3.44 -1.48 -0.26
3.93 -2.95 2.47 2.93 -3.13 1.23 -0.84
-10.89 0.58 -2.09 -4.41 -0.34 0.66 -0.05
-0.14 -2.64 -4.18 -1.93 -2.68 -1.58 -1.28
5.46 -4.27 5.09 -1.55 -0.16 2.03 0.77
-2.30 -0.98 -3.85 4.50 0.98 1.88 -0.47
-6.83 2.16 -1.36 2.44 0.45 -1.63 0.14
0.05 -1.75 -4.48 3.58 0.94 0.67 -0.07
-9.81 3.12 -0.32 3.07 0.42 -1.68 0.55
-12.69 1.71 -0.75 -3.70 -0.10 0.48 -0.02
-1.07 -2.56 -3.99 -1.54 -2.70 -1.29 -1.31
9.39 -5.59 4.03 -3.59 -0.50 0.05 2.45
-9.71 3.60 -0.75 2.59 0.48 -1.80 0.33
-1.87 -3.36 -2.43 -4.82 -0.15 0.33 0.81
-4.42 2.28 -1.70 4.64 1.30 1.09 1.30
2.93 -2.35 3.32 3.78 -2.99 1.94 -1.07
2.65 -4.42 1.12 -3.83 -0.01 1.00 0.84
5.76 -2.93 0.39 -0.86 -3.46 -1.48 -0.33
-1.15 -2.55 -3.53 -1.25 -2.74 -1.23 -1.27
-0.77 -3.43 -2.56 -5.20 -0.09 0.16 0.94
0.21 -3.70 1.39 -2.78 -0.01 1.96 0.25
5.98 -2.93 -0.25 -1.44 -3.39 -1.58 -0.46
-6.94 2.33 -1.72 1.86 0.28 -1.64 -0.00
-1.31 -1.36 -0.52 0.55 -2.89 -0.76 -1.04
4.23 -3.87 3.65 1.27 4.01 0.80 -1.45
5.83 1.67 1.65 4.70 -1.91 3.45 -0.41
7.51 1.67 0.38 3.18 -1.67 2.46 0.19
-2.45 -2.00 1.77 -2.16 -0.09 1.20 0.87
2.37 -2.23 -0.48 0.15 -3.06 -1.24 -0.89
1.21 11.39 -2.38 -0.99 0.34 1.83 -0.63
2.87 -1.94 0.73 -0.38 -3.37 -0.87 -0.53
2.37 -2.96 4.28 2.31 4.03 1.73 -1.86
0.43 -1.15 1.50 0.43 -3.27 -0.56 -0.51
-0.46 -2.69 1.27 -2.79 -0.08 0.95 1.05
-3.48 -1.04 -0.77 0.33 -2.76 -0.17 -1.15
-7.21 1.47 5.04 0.61 3.76 -1.61 -0.94
15.30 13.20 -2.42 -5.07 1.08 -1.42 -1.18
5.51 -2.99 0.60 -0.76 -3.42 -1.50 -0.22
-2.68 1.72 -2.39 4.18 1.27 1.12 1.23
1.65 0.38 -3.68 3.04 1.30 0.55 1.19
13.97 13.58 -2.26 -4.59 1.11 -1.12 -1.28
3.91 -4.69 -0.17 -2.42 5.00 -1.64 -0.66
-2.10 -1.66 -1.69 -0.35 -2.86 -0.39 -1.19
-0.71 12.68 2.88 -1.15 -0.42 0.03 0.85
-3.72 2.25 -1.53 4.70 1.32 1.17 1.36
-5.45 0.63 3.98 -0.06 3.62 -1.50 -1.16
3.06 -4.34 0.25 -1.90 4.87 -1.32 -0.77
-0.81 -2.56 -3.46 -1.22 -2.77 -1.30 -1.24
1.95 11.50 0.21 -2.07 -0.47 0.52 0.83
-6.58 2.22 4.76 2.51 -2.46 -1.63 0.15
-4.21 0.72 2.66 -3.50 -0.14 0.68 0.83
-0.62 -1.50 4.29 1.78 5.03 0.46 -1.26
1.71 -1.34 -1.98 4.80 0.99 1.26 -0.16
7.75 -0.80 -3.25 2.89 1.53 -0.62 2.09
2.77 11.72 -3.91 -2.43 0.50 1.34 -1.17
3.36 -1.97 -2.50 3.83 0.84 0.25 0.13
4.62 8.81 -4.90 -3.33 0.24 0.14 -0.76
5.56 -0.42 -3.56 3.20 1.54 -0.22 2.17
-8.10 2.31 3.95 -2.42 0.11 0.52 0.91
1.77 -2.99 -2.17 -1.01 -2.97 -1.23 -0.91
0.89 -2.41 3.01 0.64 4.98 0.11 -1.18
0.36 -2.15 -4.79 2.77 1.16 -0.04 -0.11
0.68 10.98 -3.18 -1.41 0.33 1.61 -0.91
-9.25 2.70 -0.98 3.27 0.34 -1.48 0.62
-9.04 2.71 2.94 -2.95 0.01 0.60 0.66
-2.25 -3.80 -1.58 -3.89 -0.28 1.17 0.45
-4.55 0.90 3.11 1.76 -2.74 -1.31 -0.14
1.56 -2.92 -1.98 -0.82 -2.95 -1.19 -0.84
-5.30 1.07 1.72 -4.23 -0.15 0.68 0.47
-6.03 -2.90 -2.52 -3.46 -0.08 1.96 -0.40
-0.65 -1.63 -3.92 3.66 1.21 0.79 -0.32
-6.01 1.47 -2.76 2.29 0.27 -1.37 0.21
2.77 3.20 -0.92 4.26 -1.00 3.84 -0.57
4.98 -1.20 -1.70 3.33 1.14 -1.67 0.31
-3.13 -1.46 2.28 0.14 4.22 -0.27 -1.61
-7.24 -2.18 -4.43 -5.29 -0.15 0.76 -0.13
-8.48 -1.60 -3.53 -4.63 -0.07 1.05 -0.31
0.36 -0.35 -1.91 3.74 1.01 -0.96 0.36
0.91 -2.44 4.62 3.18 4.84 2.60 -1.58
5.23 2.21 -0.61 3.34 -1.18 2.50 -0.25
-3.73 0.05 -3.78 2.42 0.65 -0.65 -0.01
-3.66 -2.82 0.19 -1.79 0.03 2.67 -0.06
-0.75 -0.72 -4.40 1.94 0.76 -1.02 0.03
5.36 -3.85 5.14 2.28 4.79 1.39 -0.71
-1.46 0.75 -1.57 6.08 1.74 4.12 0.69
2.53 -1.65 -4.96 1.74 1.20 -1.79 0.24
-0.15 -0.94 3.26 2.72 -2.99 -0.13 -0.49
-10.83 2.35 0.31 0.41 -2.29 -1.15 -0.73
-4.11 -3.03 -3.90 -5.56 -0.17 0.31 0.36
-8.67 0.73 1.21 -2.88 -0.03 0.27 0.93
-7.98 1.12 -0.74 -0.20 -2.52 -0.97 -1.02
-3.08 -2.90 -4.03 -5.99 -0.03 0.06 0.53
4.12 -1.94 -5.03 1.49 1.30 -2.09 0.27
1.95 -1.68 -4.52 1.92 0.90 -1.47 0.39
-3.35 -3.26 -3.11 -5.25 -0.21 0.36 0.48
1.45 1.53 7.14 2.23 -3.49 -1.37 0.45
-0.56 -2.20 0.07 1.54 -2.91 1.19 -1.34
-4.56 -1.17 -0.91 -4.35 -0.35 0.47 0.58
3.38 -1.89 -5.35 1.15 1.05 -1.84 0.30
1.98 -1.55 -4.76 1.91 1.17 -1.63 0.22
-0.87 0.39 -2.59 5.31 1.65 3.51 0.98
1.95 -1.75 -4.95 1.64 0.92 -1.49 0.33
-3.64 3.05 6.91 2.34 -2.98 -1.47 0.47
2.08 -3.12 -0.27 0.66 -3.16 0.21 -0.95
-9.74 1.21 0.94 -2.85 -0.15 0.46 0.58
4.02 18.18 4.44 -1.67 0.89 -1.12 -0.28
-2.87 -0.52 -4.30 2.78 0.38 -0.30 1.26
-4.38 -1.17 1.12 -3.20 -0.14 1.34 0.21
-4.87 0.28 3.81 -0.23 4.10 -1.46 -1.07
2.14 -3.18 0.83 -5.06 0.05 0.34 1.05
-0.49 -2.26 2.17 -3.32 0.05 1.00 0.78
4.26 -4.67 0.70 -2.06 4.81 -1.84 -0.78
7.83 16.58 2.20 -2.86 0.73 -0.82 -0.72
-4.06 3.57 8.02 2.92 -2.85 -1.66 0.79
-0.23 -1.22 2.18 2.15 -2.98 -0.16 -0.63
-3.18 -1.67 0.42 -3.82 -0.18 1.17 0.29
-7.78 1.40 4.32 0.38 3.94 -1.45 -0.87
-1.74 -0.79 -4.66 2.65 0.53 -0.41 1.09
-11.72 2.85 0.74 0.49 -2.09 -1.33 -0.76
10.02 4.44 -1.64 -2.19 -1.03 -0.27 1.01
8.73 5.02 -1.92 -0.89 -0.81 0.88 0.96
1.45 -1.58 -5.33 2.05 0.76 -0.98 0.70
2.84 -2.22 1.89 1.72 -3.16 -0.42 -0.61
-2.25 -1.66 2.67 -2.74 -0.04 1.22 0.59
5.00 -4.97 0.33 -2.62 4.97 -2.22 -0.67
-0.28 -2.33 -0.65 -5.14 -0.12 0.63 0.63
2.81 11.44 -1.15 -1.16 -0.48 2.12 -0.47
-1.86 4.85 4.05 5.95 0.85 -1.50 3.19
6.54 -3.75 1.00 -0.10 -3.46 -0.88 -0.39
4.15 -3.40 1.04 -4.89 0.06 0.15 1.52
-2.76 1.24 4.47 1.85 -2.86 -1.35 0.09
-0.85 -3.88 -0.22 -3.00 -0.08 1.52 0.62
-3.33 -2.02 -2.22 0.65 -2.66 0.88 -1.97
5.19 -3.18 2.23 1.18 -3.42 0.20 -0.86
5.85 -3.58 1.39 -5.27 0.13 -0.03 1.90
10.10 -4.12 2.78 1.84 -3.42 -1.73 0.22
-3.26 -3.12 -0.22 -2.26 -0.01 2.27 0.11
5.01 2.66 3.66 5.63 0.61 -1.42 2.99
7.57 -4.30 2.64 -4.57 -0.02 -0.05 1.75
-0.72 -2.71 -1.77 0.37 -2.78 0.20 -1.57
-6.89 2.48 4.28 2.10 -2.45 -1.46 0.17
-2.40 -1.89 1.71 -0.33 4.26 -0.40 -1.60
4.11 11.60 -2.12 -1.78 -0.31 1.90 -0.62
6.22 -2.13 -4.06 2.75 1.30 -1.89 0.71
4.88 -1.83 -3.74 3.07 1.22 -1.70 0.73
7.12 10.45 -3.24 -3.18 -0.27 0.89 -0.37
6.38 -4.09 2.67 -4.29 -0.05 0.10 1.62
0.67 -3.24 -2.91 -0.69 -2.85 -0.83 -1.15
-0.06 -2.83 0.93 -1.17 4.47 -0.83 -1.43
10.01 -4.21 2.08 1.38 -3.33 -1.84 0.10
3.27 -2.54 2.36 1.79 -3.36 0.93 -1.13
2.25 -3.27 3.40 1.70 3.98 1.40 -1.75
-0.15 -1.68 -0.67 0.35 -2.95 -0.92 -1.01
6.83 1.20 1.65 4.17 -2.09 2.81 -0.23
-4.66 -2.79 -0.84 -2.57 -0.03 2.37 -0.36
-0.19 -0.87 1.92 0.70 -3.22 -0.53 -0.49
6.84 -4.69 3.92 0.63 4.10 -0.03 -1.00
-1.91 -1.25 -3.91 3.92 1.14 1.27 -0.57
-1.86 -0.98 4.70 2.24 4.96 0.59 -1.31
5.54 1.25 2.56 4.89 -2.25 3.33 -0.67
4.20 -3.67 3.20 -3.06 -0.56 0.57 1.67
-1.97 -1.12 -0.20 0.72 -2.84 -0.73 -1.03
-1.01 -0.93 -2.71 4.68 1.01 1.71 -0.40
-0.85 -2.39 2.16 -2.30 -0.09 1.03 1.09
2.77 -1.84 0.93 -0.22 -3.30 -0.89 -0.45
7.28 -4.85 4.49 -2.91 -0.17 1.00 1.40
-0.11 -2.64 -3.83 -1.65 -2.68 -1.51 -1.25
-2.07 -3.43 -2.20 -4.61 -0.21 0.47 0.77
-8.14 -0.72 -3.49 -5.36 -0.41 0.56 -0.02
2.78 -2.54 2.63 3.26 -3.05 1.69 -1.02
-3.58 0.67 -3.12 1.70 0.35 -1.48 0.04
-1.45 -1.28 -4.10 4.17 0.96 1.42 -0.28
-10.94 3.82 -0.72 2.75 0.47 -1.76 0.47
-9.02 2.87 -1.02 2.67 0.38 -1.61 0.40
-1.10 -2.53 -3.75 -1.36 -2.71 -1.25 -1.28
-12.38 1.24 -1.57 -3.90 -0.19 0.63 -0.06
5.61 -3.54 2.12 2.38 -3.22 0.51 -0.56
0.28 -3.50 1.83 -2.43 0.05 2.28 0.14
-4.76 -0.64 -0.53 0.55 -2.72 -0.09 -1.13
-8.91 3.11 -1.28 2.46 0.42 -1.66 0.29
-2.72 -0.76 -3.67 4.81 1.04 2.18 -0.56
4.61 -2.84 0.05 -0.90 -3.44 -1.36 -0.43
5.25 -4.06 5.65 -1.13 -0.13 2.39 0.59
5.77 -2.93 0.08 -1.15 -3.42 -1.49 -0.40
1.44 -4.05 1.46 -3.18 -0.04 1.59 0.50
-13.72 1.99 -0.67 -3.42 -0.12 0.50 0.14
-0.87 -3.27 -2.96 -5.45 -0.03 0.04 0.94
-3.64 0.85 -3.49 1.42 0.37 -1.55 -0.03
-10.25 3.63 0.08 3.20 0.63 -1.84 0.52
1.81 -2.97 -2.56 -1.31 -2.88 -1.37 -0.93
-9.94 3.00 3.28 -2.61 0.10 0.54 0.70
-0.16 -1.81 3.75 1.41 5.04 0.33 -1.21
1.21 -1.49 -2.77 4.21 1.00 0.90 -0.05
-10.33 3.08 -0.78 3.33 0.36 -1.57 0.70
5.98 -0.72 -3.55 3.00 1.35 -0.24 2.12
-1.22 -1.44 -3.86 3.86 1.21 1.09 -0.48
3.55 12.42 -4.62 -3.46 0.72 0.80 -1.46
3.72 -2.40 -4.00 2.79 0.99 -0.58 0.45
3.82 -3.62 2.25 -0.55 5.19 -0.73 -0.84
0.80 -2.83 -2.51 -1.08 -2.90 -1.17 -0.95
-6.20 1.60 4.00 -2.62 -0.01 0.61 0.97
-4.67 -2.90 -1.13 -2.84 -0.10 2.17 -0.28
-8.12 2.22 -1.67 2.84 0.28 -1.39 0.43
0.51 -0.99 -1.95 5.00 1.04 1.43 -0.20
1.06 -2.47 -5.51 1.97 1.09 -0.75 0.06
-6.13 1.70 3.74 2.17 -2.57 -1.45 0.01
-3.00 -3.75 -2.97 -4.77 -0.17 0.66 0.40
-7.65 2.18 2.51 -3.25 -0.06 0.68 0.63
-2.38 -1.03 3.96 1.86 4.86 0.57 -1.33
-2.84 0.41 3.15 1.52 -2.80 -1.15 -0.42
-5.30 -3.17 -2.75 -3.80 -0.17 1.70 -0.23
-8.86 2.52 4.58 -2.06 0.15 0.48 1.00
-0.83 -1.79 -4.56 3.21 1.14 0.54 -0.31
6.03 -0.50 -3.02 3.49 1.56 -0.35 2.24
4.97 -5.02 -0.16 -2.78 5.24 -2.06 -0.45
-3.16 -1.27 -1.20 -0.00 -2.83 -0.25 -1.18
-2.34 13.00 2.68 -0.55 -0.19 0.31 1.18
-1.55 -3.51 -1.97 -4.52 -0.19 0.43 0.84
-2.85 1.97 -1.74 4.56 1.31 1.15 1.33
12.40 14.00 -3.70 -5.41 1.36 -0.93 -1.29
-1.10 1.09 -2.84 3.88 1.33 0.91 1.16
-0.19 -2.29 -2.29 -0.97 -2.91 -0.79 -1.15
4.52 -4.68 0.41 -2.17 5.15 -1.73 -0.59
0.45 12.20 1.86 -1.30 -0.37 0.35 0.88
-4.26 -0.75 -0.47 0.57 -2.73 -0.10 -1.12
-7.04 1.27 4.27 0.23 3.60 -1.53 -1.06
-11.17 3.61 -0.26 3.11 0.49 -1.77 0.62
-2.89 -0.55 3.06 -0.77 3.61 -1.51 -1.24
12.94 13.79 -2.98 -4.80 1.27 -0.94 -1.27
-14.10 1.99 -0.75 -3.38 -0.06 0.47 0.04
-4.37 -1.13 1.43 -3.21 -0.14 1.31 0.19
3.23 -1.70 -4.36 1.91 1.16 -1.90 0.28
-3.86 -3.18 -3.58 -5.38 -0.17 0.39 0.37
-9.87 1.86 -0.11 0.14 -2.41 -1.05 -0.86
-1.17 -1.98 0.34 1.82 -2.87 1.55 -1.56
-4.12 -0.32 -4.60 2.65 0.34 -0.18 1.21
-3.74 -3.06 -4.12 -5.82 -0.13 0.24 0.41
-1.88 3.30 9.03 3.21 -3.08 -1.75 0.85
-4.70 -0.44 -2.16 -1.01 -2.76 -0.98 -1.27
2.67 -1.77 -5.30 1.47 1.19 -1.83 0.19
-7.47 0.33 0.61 -3.46 -0.20 0.47 0.54
0.61 -2.58 -0.02 1.29 -2.99 0.90 -1.23
-11.76 2.59 0.40 0.53 -2.21 -1.18 -0.68
5.04 -0.41 5.01 1.02 -3.79 -1.23 0.10
-1.16 0.64 -2.11 5.97 1.79 3.92 0.87
2.41 -1.77 -5.02 1.53 1.00 -1.64 0.37
1.25 -0.24 -2.58 4.76 1.55 2.83 1.29
-2.46 -1.57 2.90 -2.58 -0.03 1.20 0.62
1.05 -1.64 -5.13 1.58 0.88 -1.39 0.28
-10.33 1.52 1.45 -2.57 -0.05 0.38 0.65
-1.55 2.40 7.12 2.37 -3.21 -1.40 0.46
-3.01 -1.93 -1.77 0.97 -2.65 1.01 -1.91
-3.91 0.28 -3.13 2.82 0.65 -0.63 0.06
3.54 -2.21 7.23 4.62 4.75 3.23 -1.49
2.20 11.82 -1.53 -0.92 -0.33 2.40 -0.47
-8.52 -1.85 -4.11 -4.82 -0.16 0.99 -0.30
3.06 -0.79 -1.28 3.77 0.98 -1.30 0.34
2.86 -2.94 5.17 3.06 4.87 2.20 -1.21
-2.12 -0.29 -3.79 2.30 0.72 -0.85 0.00
4.76 2.71 -0.78 3.51 -1.02 3.11 -0.40
3.30 -2.47 2.67 1.89 -3.31 0.93 -1.14
5.64 2.72 -1.91 2.34 -0.97 2.20 0.17
0.22 -0.12 -1.25 4.14 1.03 -0.93 0.45
-8.86 -1.37 -2.64 -3.95 -0.15 1.18 -0.23
-1.97 -0.89 0.46 1.17 -2.85 -0.68 -0.97
-0.36 -1.12 -2.76 4.49 1.03 1.44 -0.31
-8.49 2.54 -1.14 3.12 0.34 -1.50 0.54
-7.26 2.07 3.70 2.17 -2.51 -1.47 0.05
-2.29 -1.19 3.56 1.58 4.80 0.56 -1.38
3.67 2.16 1.06 5.19 -1.60 4.10 -0.65
-8.46 2.45 2.79 -3.08 -0.03 0.63 0.64
-8.60 2.60 4.83 -2.04 0.21 0.43 1.08
-3.13 0.62 3.26 1.73 -2.78 -1.35 -0.21
-3.21 -3.55 -1.64 -3.64 -0.17 1.52 0.13
-3.27 0.09 0.81 -4.56 -0.25 0.69 0.62
-3.67 0.38 -3.64 1.98 0.29 -1.28 0.16
5.17 -0.39 -3.23 3.42 1.51 -0.17 2.21
-0.66 -1.90 -4.73 2.97 1.07 0.37 -0.29
1.12 -2.17 3.93 1.16 5.09 0.16 -1.18
-10.15 3.30 3.46 -2.71 0.19 0.44 0.68
2.24 -3.09 -2.16 -1.16 -2.90 -1.41 -0.85
-2.06 -0.36 1.71 -4.27 -0.26 0.66 0.88
7.18 -0.84 -3.93 2.72 1.55 -0.49 2.13
1.73 12.83 -4.19 -2.90 0.71 1.33 -1.56
-10.96 3.29 -0.90 3.16 0.37 -1.60 0.63
1.28 -1.68 -3.16 3.90 0.92 0.74 -0.02
-0.75 -0.68 2.22 0.83 -3.23 -0.49 -0.50
3.78 10.83 -4.73 -3.20 0.53 0.76 -1.15
-1.88 -1.42 -4.27 3.58 1.14 1.06 -0.51
5.63 -0.43 -3.63 3.17 1.57 -0.24 2.20
0.81 -2.80 -2.33 -0.96 -2.93 -1.09 -0.96
-3.12 -3.37 -0.62 -2.92 -0.35 1.99 0.18
-6.85 1.99 4.32 -2.50 0.04 0.54 0.99
6.03 -3.99 6.75 -0.76 -0.21 2.60 0.65
-3.37 -1.00 -0.26 0.32 -2.84 -0.26 -1.20
-2.80 -0.56 -3.09 5.04 1.03 2.29 -0.68
-4.30 0.06 4.16 -0.24 4.06 -1.74 -0.81
-3.32 -0.10 4.16 -0.45 3.81 -1.63 -1.24
12.35 14.05 -2.94 -4.87 1.20 -0.73 -1.21
5.33 10.86 -0.54 -2.76 -0.39 0.27 0.48
-2.06 -1.51 -1.07 -0.04 -2.84 -0.39 -1.15
5.10 -4.85 0.12 -2.61 5.29 -2.00 -0.54
13.41 13.68 -3.75 -5.77 1.34 -1.26 -1.26
-2.67 1.81 -2.07 4.37 1.28 1.18 1.27
0.22 0.82 -2.91 3.07 1.16 0.72 0.99
0.27 -3.42 2.42 -2.11 0.10 2.40 0.07
13.22 14.06 -3.03 -5.04 1.30 -0.95 -1.24
4.50 -4.46 0.45 -2.16 5.19 -1.68 -0.73
-11.10 2.52 0.50 0.54 -2.21 -1.23 -0.72
-6.81 -0.12 -0.10 -3.66 -0.31 0.54 0.57
-0.44 -2.42 -0.32 1.24 -2.97 1.15 -1.41
-1.54 0.66 -2.04 6.10 1.78 4.04 0.76
2.18 -1.79 -5.52 1.18 0.99 -1.65 0.24
-8.31 1.65 4.65 0.58 3.97 -1.52 -0.82
-0.19 0.14 -2.77 5.03 1.62 3.18 1.11
1.64 -1.73 -4.90 1.71 0.91 -1.41 0.33
-9.62 1.32 1.42 -2.69 -0.12 0.40 0.64
2.10 -3.29 -1.20 -0.04 -3.10 -0.28 -0.89
1.49 1.89 8.17 2.48 -3.45 -1.50 0.53
2.43 -1.65 -5.30 1.44 1.23 -1.87 0.20
-3.39 -3.20 -3.30 -5.34 -0.16 0.30 0.52
-0.79 -1.94 0.70 2.14 -2.86 1.71 -1.53
-8.96 1.49 -0.27 0.13 -2.48 -0.99 -0.89
-3.75 3.23 7.38 2.57 -2.93 -1.54 0.62
-2.44 -3.21 -3.65 -5.93 -0.10 0.08 0.55
4.58 -4.62 1.27 -1.65 4.73 -1.67 -0.78
3.14 -1.83 -5.29 1.40 1.22 -1.89 0.17
4.20 -2.76 6.54 3.88 4.90 2.60 -1.22
-2.67 -0.09 -3.59 2.59 0.70 -0.73 0.06
-5.41 2.67 6.53 2.76 -2.69 -1.61 0.56
3.18 3.29 -1.16 3.94 -0.97 3.77 -0.57
-0.17 -1.03 -5.14 1.43 0.82 -1.20 -0.05
-0.29 0.02 -1.18 4.19 0.99 -0.90 0.43
3.41 2.88 -2.62 2.36 -0.86 2.70 -0.33
-9.41 -1.40 -3.00 -4.21 -0.13 1.12 -0.43
5.42 -4.44 3.67 0.92 4.80 0.51 -0.43
4.33 -1.53 -3.15 2.75 1.15 -1.61 0.45
-3.83 0.37 -2.73 2.84 0.64 -0.73 0.04
2.13 -2.07 6.52 4.51 4.80 3.21 -1.58
-6.27 -2.41 -4.65 -5.74 -0.11 0.48 -0.03
-8.45 -1.76 -3.70 -4.58 -0.08 1.02 -0.29
1.01 -0.52 -1.99 3.67 1.01 -0.99 0.35
8.78 -3.91 2.24 1.63 -3.36 -1.64 0.10
0.58 -1.44 2.32 2.18 -3.07 -0.15 -0.60
6.39 -5.39 0.11 -3.15 5.23 -2.72 -0.40
-9.00 1.63 4.06 0.40 3.75 -1.37 -0.87
-2.24 -1.93 0.63 -4.31 -0.21 0.98 0.25
9.54 5.64 -2.33 -1.62 -0.61 0.51 1.07
-2.05 -0.80 -5.07 2.39 0.52 -0.37 0.87
8.92 4.75 -1.51 -1.00 -0.94 0.74 0.79
4.95 -4.91 0.46 -2.42 4.94 -2.11 -0.67
-2.32 -1.69 2.26 -2.86 -0.04 1.18 0.58
3.81 -2.59 1.59 1.36 -3.18 -0.66 -0.58
3.73 18.38 4.93 -1.37 0.90 -1.23 -0.21
-1.54 -1.73 0.57 2.15 -2.79 1.78 -1.61
-2.89 -0.54 -4.55 2.75 0.46 -0.30 1.21
-5.55 0.58 4.25 -0.17 4.04 -1.50 -1.10
-4.16 -1.28 0.97 -3.29 -0.17 1.32 0.20
-0.89 -1.96 1.41 -1.63 4.06 -1.38 -1.16
4.42 -4.67 0.94 -1.89 4.78 -1.80 -0.75
-0.40 -2.34 1.70 -3.61 -0.02 0.94 0.75
6.60 17.15 3.16 -2.26 0.79 -0.88 -0.52
-4.64 2.41 6.79 2.50 -2.86 -1.53 0.52
7.68 -4.33 2.99 -4.51 -0.00 -0.11 1.81
-1.71 -2.58 -2.63 0.04 -2.72 0.14 -1.59
-1.39 -2.14 1.93 -0.41 4.43 -0.52 -1.56
12.67 -4.60 2.72 1.61 -3.42 -2.07 0.26
4.50 -1.90 -4.46 2.59 1.29 -1.70 0.63
4.49 10.35 -1.77 -2.08 -0.62 1.61 -0.40
-9.19 -1.23 -2.41 -3.74 -0.12 1.27 -0.23
5.38 -1.82 -3.25 3.22 1.15 -1.81 0.81
6.94 -4.32 3.21 -4.14 -0.08 0.08 1.67
3.40 -2.67 2.19 1.55 -3.39 0.77 -1.07
11.11 -4.32 2.89 1.84 -3.46 -1.84 0.25
1.35 -3.38 1.01 -1.90 4.63 -1.35 -1.45
0.52 0.07 -0.35 4.54 0.94 -1.03 0.52
5.48 -5.19 0.05 0.47 2.96 0.23 2.76
2.53 11.70 -1.95 -1.30 -0.32 2.33 -0.43
-3.33 4.95 3.68 5.65 0.89 -1.44 3.09
4.55 -3.39 1.34 -4.77 0.08 0.15 1.60
-2.00 -2.20 -1.75 0.93 -2.63 0.77 -1.75
-1.83 -3.92 -1.40 -3.60 -0.15 1.27 0.54
-4.73 0.54 -2.97 2.95 0.68 -0.59 0.09
11.95 -4.28 3.78 2.36 -3.45 -1.93 0.41
5.26 -3.27 1.89 0.98 -3.44 0.04 -0.75
4.87 -3.37 0.97 -5.14 0.11 0.07 1.60
1.49 -1.04 1.96 0.62 -3.20 -1.20 -0.28
-3.63 -3.16 -0.79 -2.54 -0.08 2.20 0.05
3.70 2.28 0.98 5.05 -1.60 4.00 -0.51
-1.06 -1.08 0.65 1.20 -2.93 -0.77 -0.90
0.81 -3.00 1.42 -3.01 -0.10 0.77 1.26
3.95 -2.34 0.31 -1.09 -3.34 -1.21 -0.60
-1.86 -2.15 1.91 -2.23 -0.08 1.08 0.96
5.20 -0.31 -2.98 3.52 1.48 -0.23 2.20
1.11 -1.33 1.53 0.33 -3.30 -0.64 -0.55
-9.50 2.79 4.88 -1.79 0.20 0.41 1.05
4.77 -3.24 5.65 2.35 3.88 1.51 -1.77
-11.11 3.38 -0.59 3.38 0.40 -1.64 0.72
0.02 -1.57 -0.08 0.67 -2.98 -0.87 -0.95
5.38 2.02 0.73 4.25 -1.66 3.48 -0.30
-10.55 3.35 3.62 -2.55 0.19 0.44 0.71
8.91 1.20 0.22 2.46 -1.76 1.57 0.59
6.48 -4.30 4.55 1.17 4.01 0.43 -1.21
-0.22 -0.83 2.23 0.76 -3.21 -0.57 -0.53
3.92 -2.64 -0.52 -0.38 -3.15 -1.60 -0.87
-3.17 -0.62 -3.64 4.87 1.03 2.26 -0.60
-8.09 2.82 -1.51 2.32 0.39 -1.64 0.22
4.83 -2.81 0.07 -0.95 -3.43 -1.41 -0.42
3.23 -4.54 0.76 -4.34 -0.06 0.67 1.04
5.09 -3.91 5.85 -0.98 -0.11 2.52 0.57
-1.39 -3.41 -2.49 -4.96 -0.13 0.26 0.87
-13.42 1.78 -0.87 -3.53 -0.10 0.52 0.05
6.87 -3.15 0.47 -1.30 -3.43 -1.65 -0.16
1.55 -4.03 1.71 -2.97 0.03 1.72 0.45
14.04 13.65 -1.90 -4.59 1.01 -1.04 -1.10
-10.14 3.37 -0.20 3.16 0.46 -1.75 0.56
-1.91 -3.44 -2.33 -4.72 -0.20 0.37 0.78
6.83 -4.61 5.57 -1.75 -0.22 1.79 1.01
-3.40 13.10 2.54 -0.49 -0.07 0.30 1.37
-0.54 -2.59 -4.16 -1.79 -2.66 -1.48 -1.28
4.17 -2.74 3.96 3.33 -3.20 1.55 -0.90
-10.74 3.73 -0.97 2.54 0.43 -1.73 0.36
-2.12 -1.12 -4.13 4.25 0.96 1.67 -0.41
-8.22 2.60 -1.23 2.59 0.39 -1.58 0.35
0.56 -2.06 -5.12 2.98 0.91 0.13 0.10
8.92 -5.41 4.39 -3.32 -0.25 0.48 1.73
-0.45 -2.65 -3.55 -1.52 -2.72 -1.47 -1.29
-0.05 -3.40 1.99 -2.34 0.06 2.31 0.07
-11.06 1.01 -1.37 -4.11 -0.19 0.56 -0.01
5.68 -3.36 2.96 2.66 -3.24 0.70 -0.64
