41.52 40.11 35.18 18.12 16.70 20.15 40.92 39.87
37.24 34.50 36.86 18.57 19.84 19.36 39.83 35.40
38.29 33.96 37.82 20.47 23.32 21.20 41.03 35.57
38.80 35.50 33.37 14.79 14.76 16.35 37.66 38.49
38.69 35.43 39.52 25.23 25.29 23.90 41.59 39.23
37.98 34.73 43.63 32.86 31.66 29.26 43.68 40.39
41.37 39.58 38.20 22.69 22.01 24.09 44.01 40.69
38.71 35.25 46.22 39.35 36.86 33.83 46.17 41.71
33.49 30.03 34.77 21.24 22.80 21.09 37.50 31.98
38.45 35.09 31.07 11.41 11.29 12.94 32.28 36.37
36.76 33.93 38.66 22.11 23.20 21.79 39.85 35.20
45.64 44.22 55.19 46.88 43.28 42.22 55.73 49.09
44.99 43.62 54.09 45.06 41.73 40.68 54.61 48.34
34.23 30.77 38.07 26.11 27.45 25.07 40.14 33.05
38.21 34.81 44.41 34.66 32.89 30.22 43.99 40.41
40.32 39.12 42.97 27.42 26.66 26.73 44.83 40.03
36.32 33.26 44.00 30.23 31.02 28.21 44.85 35.91
42.17 38.31 43.05 22.20 23.95 22.45 43.69 41.85
34.72 31.76 29.73 11.22 11.89 12.91 32.40 31.98
33.83 30.80 26.23 11.82 11.91 14.34 31.17 32.09
32.47 29.30 35.58 26.69 27.38 24.95 36.78 32.02
35.96 32.20 30.13 13.50 14.23 15.44 34.89 32.86
33.89 31.00 29.21 16.28 16.57 17.69 33.39 32.67
34.38 30.76 40.06 29.06 30.41 27.55 41.12 33.47
31.07 27.85 32.71 22.28 23.18 21.64 34.27 29.27
36.60 32.62 36.24 23.02 24.54 22.92 40.26 34.36
34.86 31.88 32.87 15.85 16.67 16.65 36.30 33.26
35.41 28.49 19.16 16.77 19.66 27.63 39.12 34.84
36.09 32.28 28.38 10.93 11.46 13.41 33.29 32.64
34.38 30.70 41.52 32.48 33.24 29.62 41.54 33.49
40.79 37.21 40.08 22.34 22.36 21.57 40.95 41.16
36.93 33.93 42.10 25.09 26.62 24.02 43.17 35.68
41.07 39.91 45.70 32.23 31.00 30.37 46.93 42.02
39.86 36.74 49.42 36.55 36.77 33.72 49.28 39.80
36.35 32.79 35.00 21.29 22.46 21.42 39.03 35.71
38.34 35.31 45.96 30.56 31.76 28.86 47.07 37.67
39.03 36.08 48.06 34.50 34.61 31.69 47.53 38.74
35.61 32.37 27.83 12.33 12.44 14.35 31.07 33.28
40.10 36.51 42.11 27.83 27.31 25.55 42.42 40.79
34.91 31.44 41.64 30.96 31.87 28.64 42.11 34.09
41.52 37.76 40.31 20.42 21.67 20.82 40.08 39.93
42.79 39.47 35.04 12.32 12.82 14.74 37.46 38.94
36.66 33.25 40.76 32.67 32.53 29.74 41.99 37.08
41.05 38.98 46.53 27.19 29.96 27.40 47.41 38.22
34.90 32.23 37.50 21.30 22.36 20.83 39.79 34.14
41.29 39.13 49.57 33.94 35.46 32.78 49.41 39.83
35.19 32.23 39.95 25.42 26.25 24.20 41.80 34.72
42.09 38.36 42.95 25.03 25.76 24.22 43.13 41.39
38.98 35.80 44.70 28.89 29.71 27.46 47.61 38.72
41.71 39.55 45.04 24.18 27.44 25.22 46.46 37.77
29.81 27.15 31.82 22.71 23.15 21.28 33.30 29.75
29.48 26.68 29.54 19.33 19.78 18.58 31.98 29.33
38.40 35.20 46.90 33.13 33.40 30.65 48.33 38.54
38.79 35.03 42.53 33.12 33.71 30.74 44.19 38.92
37.76 34.73 41.01 23.75 24.90 23.33 45.01 37.33
41.22 37.06 38.19 22.01 23.58 23.55 44.77 38.62
47.62 45.59 39.02 20.92 18.02 22.10 44.43 46.85
31.46 28.49 35.52 27.92 27.76 25.11 36.05 31.32
35.11 31.45 36.76 21.60 24.09 21.70 38.96 33.06
37.18 34.36 38.74 21.20 22.95 21.04 38.81 34.77
36.81 33.88 45.52 32.92 32.97 30.33 46.52 37.31
35.71 32.88 44.71 32.77 32.91 30.10 44.97 35.89
37.89 35.17 42.63 27.69 29.06 26.53 43.14 36.14
38.94 35.13 31.61 13.84 14.60 16.30 36.46 35.38
34.84 31.26 38.58 25.15 27.15 24.19 39.97 33.24
31.70 28.74 27.59 14.50 14.93 15.76 31.31 30.62
37.13 34.16 46.73 34.85 34.54 31.81 47.26 37.63
37.46 34.65 37.97 19.32 21.31 19.63 38.04 34.62
32.45 29.16 27.28 11.84 12.41 13.26 30.04 29.84
30.30 27.55 34.99 28.51 28.52 25.84 35.83 31.08
41.96 40.22 50.34 36.59 36.40 33.58 49.53 40.79
32.76 29.33 31.24 17.94 18.90 18.15 34.01 30.79
32.19 29.02 25.51 11.15 11.36 13.03 29.17 30.37
36.14 33.24 44.39 30.91 31.27 28.80 45.04 36.35
43.81 39.03 52.56 39.86 41.26 36.90 52.96 42.07
37.39 33.90 41.96 33.92 33.84 30.97 43.21 38.01
38.29 35.18 40.36 25.65 25.63 24.28 42.61 40.01
34.61 30.86 38.36 24.41 26.44 23.63 39.80 32.88
39.15 35.53 45.15 38.41 38.09 34.58 45.86 39.98
41.15 39.63 44.14 28.75 28.68 28.46 46.67 41.27
38.05 34.87 48.52 37.12 36.94 34.42 49.16 38.51
41.10 37.88 33.93 12.20 12.70 14.57 36.26 37.44
39.91 36.47 49.64 36.12 36.38 33.55 50.67 40.09
41.49 40.06 47.47 34.20 33.88 32.92 48.63 42.02
43.28 38.48 50.99 37.89 39.47 35.42 52.13 41.86
33.96 30.43 39.58 27.80 29.37 26.19 40.26 32.62
38.39 34.84 43.19 34.71 34.67 31.56 44.11 38.92
33.33 30.27 34.33 21.75 23.19 21.22 36.38 32.26
41.44 38.45 36.90 15.90 16.59 17.67 39.71 38.61
37.15 33.31 30.56 12.81 13.46 14.74 34.26 33.81
36.90 33.52 41.87 34.49 34.27 31.22 42.73 37.69
40.98 38.86 44.34 23.66 26.66 24.40 45.82 37.68
37.71 33.99 43.66 31.17 33.15 29.64 44.26 36.09
38.17 35.08 38.26 21.51 21.79 21.17 40.95 39.34
33.84 30.41 36.15 25.14 26.23 23.83 37.91 33.14
36.97 33.24 33.61 17.65 18.65 18.57 37.46 34.62
38.55 34.87 42.68 33.45 33.92 31.04 43.99 38.86
37.08 33.76 43.06 36.69 36.27 32.93 43.33 37.80
37.59 33.85 41.36 26.90 29.09 26.20 42.78 35.54
42.06 38.87 44.38 27.59 28.88 27.22 47.07 40.41
37.70 34.52 46.00 32.69 33.02 30.48 47.85 38.14
33.82 30.64 33.41 22.16 22.79 21.48 36.09 33.48
39.85 36.34 47.21 37.79 35.93 32.86 46.80 42.52
37.42 33.25 38.86 24.33 26.11 23.93 41.66 35.30
47.55 45.57 39.46 21.66 18.59 22.63 44.92 47.12
36.31 31.35 29.88 21.85 23.87 26.70 44.94 36.03
42.11 40.52 51.89 41.62 40.48 38.59 51.16 42.98
41.58 39.92 50.44 37.87 37.41 35.43 49.82 41.15
36.76 32.60 36.57 27.74 28.90 29.89 46.52 36.81
33.59 30.72 35.88 26.98 27.31 25.12 37.38 33.76
40.04 36.60 47.07 36.11 34.84 32.11 47.08 42.89
46.22 44.65 41.05 24.88 21.86 25.01 46.01 46.74
37.13 34.46 37.38 18.57 20.33 18.82 37.03 34.03
35.61 32.29 37.84 28.50 28.87 26.43 39.29 35.48
38.14 34.01 37.23 21.07 23.09 21.98 42.36 35.85
36.90 33.79 30.94 12.81 12.66 13.94 32.58 36.18
35.80 32.59 35.77 23.65 24.44 22.93 38.34 35.47
37.35 34.22 34.16 17.79 17.72 18.28 37.82 37.61
41.75 40.05 50.11 36.48 36.61 34.27 49.52 40.73
47.61 45.74 49.33 36.73 34.71 34.70 53.08 49.20
34.41 31.73 29.94 12.14 12.54 13.56 32.52 32.25
32.93 29.88 37.84 30.18 30.12 27.27 38.19 33.10
36.25 33.01 39.76 29.68 30.55 27.62 40.95 36.21
36.91 33.24 43.86 33.64 34.82 31.32 44.44 36.08
39.15 34.78 39.11 21.54 24.56 22.26 42.46 36.48
32.68 29.46 38.03 31.38 31.23 28.07 38.23 32.92
32.96 29.63 39.16 28.67 29.62 26.71 39.86 32.40
35.77 32.61 37.62 25.55 26.74 24.37 39.08 35.18
34.48 31.76 33.84 18.09 18.77 18.26 36.58 33.10
38.44 35.10 44.17 33.59 32.14 29.46 44.08 40.67
38.37 34.24 39.98 23.85 26.52 23.64 42.33 35.87
29.57 26.78 27.85 17.49 18.17 17.70 30.90 29.38
36.67 33.21 43.30 32.50 33.60 30.39 43.94 35.94
40.67 36.76 42.36 28.82 30.22 27.50 44.37 39.88
35.78 32.80 39.43 22.06 23.92 21.51 41.21 34.46
38.68 35.29 30.81 11.14 10.99 13.38 34.59 37.03
35.03 32.09 33.95 17.75 18.54 17.99 36.32 33.30
35.92 32.92 41.28 25.57 27.10 24.42 42.84 34.97
34.85 31.92 30.12 11.63 12.20 13.17 32.01 32.21
39.22 34.98 44.19 31.22 33.50 29.57 45.73 37.39
29.80 27.06 25.14 12.34 12.57 13.67 28.33 29.00
32.89 29.53 39.53 29.84 30.58 27.45 39.75 32.21
41.27 37.25 44.79 33.48 34.41 30.95 45.98 40.51
41.16 37.63 42.67 22.39 24.34 22.67 43.10 41.16
36.25 32.69 39.53 26.87 28.41 25.94 41.60 34.94
35.59 32.27 39.28 30.64 31.06 28.11 40.36 35.37
36.34 32.90 37.47 22.99 24.72 23.09 40.56 34.76
36.91 33.07 37.27 25.10 26.23 24.31 40.37 35.95
34.43 30.92 39.98 28.66 30.41 27.56 41.52 33.73
35.05 31.48 36.95 22.52 24.12 22.29 39.72 33.81
42.68 38.83 45.49 26.31 27.71 25.63 45.79 42.77
37.23 33.30 28.34 10.03 10.57 12.87 33.20 32.76
40.68 38.30 46.44 27.98 31.18 28.26 47.63 38.27
36.87 32.89 41.01 27.66 29.22 26.50 43.00 35.62
34.90 31.58 33.96 20.80 21.82 20.72 37.16 34.30
40.97 37.51 47.34 33.67 33.98 30.82 46.62 42.37
42.58 39.33 38.89 17.62 18.41 19.14 41.80 39.44
34.12 30.80 38.69 29.93 30.65 27.48 39.21 33.70
38.29 34.14 31.85 14.18 14.90 16.06 36.20 34.97
38.20 35.14 37.93 20.86 21.38 20.82 40.86 39.29
36.90 33.62 41.90 34.72 34.33 31.28 42.55 37.51
38.54 34.89 44.15 30.84 32.64 29.32 45.22 36.84
38.97 35.45 43.71 34.86 34.40 31.07 44.50 39.13
33.23 30.14 35.23 23.79 25.03 22.87 37.23 32.71
37.61 33.60 35.59 20.66 21.90 21.08 39.65 35.25
38.00 34.24 41.39 26.36 28.76 25.88 43.44 36.17
37.52 34.50 46.52 33.33 33.42 30.68 47.93 38.29
37.84 34.66 39.34 24.13 24.15 22.82 40.84 39.17
37.36 33.88 41.96 33.77 33.63 30.78 42.62 37.59
41.33 36.76 49.69 38.24 39.44 35.17 50.22 40.01
33.61 30.18 37.03 23.08 24.98 22.47 38.52 31.94
41.13 39.63 43.73 28.33 28.25 28.11 46.26 41.24
43.80 40.53 37.08 14.18 14.85 16.68 40.62 40.79
41.16 39.78 46.05 32.41 32.25 31.51 47.77 42.04
39.42 36.03 49.24 36.30 36.43 33.48 50.51 39.73
40.48 36.24 48.13 35.99 37.16 33.32 48.77 39.27
38.28 34.73 42.95 32.36 31.35 28.94 43.80 40.16
33.09 29.81 33.54 21.08 22.50 20.82 36.23 32.43
33.83 30.51 39.26 26.64 28.25 25.24 39.82 32.70
38.72 35.22 43.95 35.61 35.57 32.35 44.69 39.17
46.75 45.01 42.13 26.37 23.49 26.20 47.11 47.24
38.13 33.94 36.65 20.28 22.36 21.54 42.35 35.99
35.51 32.25 37.17 26.79 27.28 25.18 38.79 35.26
37.70 34.38 31.81 13.93 13.86 15.57 36.23 37.33
35.66 32.41 35.15 22.75 23.59 22.06 37.59 35.17
37.17 34.04 35.74 20.50 20.56 20.34 39.24 38.24
36.01 33.12 43.85 30.35 30.86 28.33 44.46 36.23
31.75 28.87 24.72 10.08 10.25 12.09 28.08 29.96
41.68 39.99 49.92 36.94 36.72 34.44 48.99 40.74
33.62 30.66 32.99 21.32 22.06 20.88 35.85 33.37
37.02 33.18 37.92 23.00 24.99 23.09 41.17 35.14
36.69 33.67 44.96 32.02 32.15 29.62 46.00 37.09
40.66 37.12 48.58 39.93 37.55 34.32 48.11 43.59
30.90 28.19 34.99 27.01 27.23 24.63 35.42 31.11
46.85 44.94 39.58 21.54 19.16 22.89 45.31 46.55
36.06 30.99 28.92 20.94 22.92 25.60 44.16 35.52
36.53 31.95 33.99 25.36 26.85 28.12 45.37 36.10
41.59 39.92 50.47 38.30 37.77 35.83 49.62 41.37
33.98 31.04 35.30 25.43 25.96 24.19 37.66 33.89
40.30 36.89 47.48 36.37 35.12 32.20 47.07 43.04
37.58 33.64 42.45 30.24 31.94 28.76 44.22 35.90
37.47 33.62 43.70 32.95 33.80 30.59 44.42 36.26
38.55 34.44 40.78 25.08 27.70 24.59 43.07 36.17
29.60 26.81 26.66 15.40 15.73 15.92 29.64 28.52
33.10 29.65 40.38 31.59 31.99 28.63 40.41 32.57
39.76 35.99 41.82 28.75 30.09 27.35 43.56 38.95
35.46 32.49 39.28 22.29 24.19 21.84 41.24 34.32
35.48 32.48 33.01 15.64 16.39 16.38 35.47 33.50
36.02 33.08 42.39 27.28 28.65 25.78 43.34 35.15
35.32 32.43 29.93 10.98 11.47 12.61 31.64 32.20
29.78 27.28 24.96 11.79 11.88 13.15 27.85 28.93
32.82 29.57 39.47 29.41 30.33 27.29 39.59 32.33
40.93 35.60 41.41 34.23 39.12 36.03 47.30 41.00
34.97 32.09 29.76 11.70 12.06 13.33 32.54 32.33
32.33 29.30 36.76 29.08 29.17 26.55 37.32 32.47
36.60 33.98 35.64 17.29 18.60 18.20 38.07 34.83
38.82 34.64 39.08 22.05 25.01 22.50 42.27 36.29
36.07 32.97 40.22 30.86 31.27 28.22 40.81 35.88
37.05 33.40 43.93 33.51 34.60 31.23 44.58 36.36
33.04 29.74 39.17 28.30 29.35 26.69 40.17 32.61
32.57 29.47 37.65 30.43 30.67 28.77 38.63 33.01
35.58 32.37 37.51 26.12 27.20 24.64 38.86 34.90
36.69 33.01 44.18 35.00 35.95 32.37 44.40 36.04
34.74 31.89 32.57 16.10 16.71 16.82 36.01 33.35
35.12 31.70 37.60 23.37 24.99 23.03 40.17 33.77
41.47 37.82 45.34 27.26 28.73 26.41 45.66 42.29
41.85 39.34 46.10 25.54 29.23 26.86 48.38 38.89
41.88 39.64 48.51 30.21 33.08 30.45 49.34 39.55
35.25 31.92 34.67 21.69 22.65 21.24 37.46 34.25
36.76 32.80 41.63 29.10 30.43 27.43 43.05 35.34
40.55 39.29 42.29 25.77 25.16 25.36 45.81 41.06
36.25 32.77 40.40 28.40 29.83 27.26 42.12 35.05
41.59 37.89 43.27 23.26 25.16 23.35 43.72 41.47
36.07 32.45 37.39 23.41 25.19 23.46 40.47 34.62
35.37 31.96 36.83 25.35 26.11 24.15 39.22 35.20
33.56 30.27 34.41 20.52 22.19 20.91 38.37 32.36
38.66 35.31 31.36 11.94 11.90 14.08 35.15 37.22
46.49 44.96 56.86 48.66 45.29 43.89 57.12 50.07
37.23 33.53 43.81 32.67 34.01 30.83 44.68 36.35
37.17 34.52 38.45 21.08 22.07 20.65 38.59 34.80
37.39 34.59 42.74 28.74 29.65 27.52 44.20 36.34
46.29 44.72 56.05 46.65 42.72 41.61 55.95 49.55
38.16 34.71 44.74 35.76 33.98 31.16 44.64 40.85
33.58 30.05 36.52 24.17 25.62 23.43 38.69 32.33
41.91 40.24 35.77 18.86 17.60 20.97 41.67 40.36
37.30 34.48 36.26 17.80 19.09 18.75 39.05 35.10
38.40 35.10 33.97 15.80 15.74 16.46 35.50 37.64
38.29 34.86 43.86 33.26 32.22 29.72 43.91 40.54
33.37 30.02 39.55 28.91 29.97 26.95 40.31 32.48
41.08 39.65 39.83 25.25 24.28 25.31 42.55 40.51
36.89 32.98 29.00 11.35 11.94 14.13 34.84 33.45
34.96 31.84 31.80 19.17 19.60 19.63 34.61 33.75
40.38 36.97 39.23 21.16 21.37 20.70 40.11 40.46
38.53 35.60 43.35 25.23 27.29 24.72 45.93 37.38
40.00 36.90 50.18 37.48 37.54 34.76 50.04 40.17
40.58 39.18 44.67 30.45 30.39 29.45 45.97 41.01
38.80 35.56 45.46 29.30 30.70 27.84 47.27 38.06
38.81 37.60 46.54 35.74 34.89 33.67 47.66 40.78
39.10 36.20 48.18 34.66 34.74 32.03 47.71 38.86
34.99 31.74 27.86 12.90 13.00 14.66 31.00 32.82
34.76 31.25 41.55 31.19 32.06 28.74 41.92 33.71
39.80 36.36 40.90 25.44 25.24 23.87 41.41 40.29
35.96 32.85 43.06 28.71 29.62 26.84 43.99 35.34
39.95 38.69 42.44 26.55 26.17 26.03 44.49 39.45
34.83 31.97 30.31 11.74 12.54 13.43 32.98 32.31
33.57 30.72 26.68 12.50 12.58 14.64 30.82 32.13
32.91 29.96 35.47 26.41 27.08 25.05 37.97 32.64
36.08 32.26 31.38 15.39 16.32 17.05 36.55 33.32
34.76 31.15 40.97 30.25 31.44 28.31 42.21 34.05
33.73 30.83 30.49 18.76 19.05 19.46 34.47 33.03
30.91 28.17 32.65 21.74 22.71 20.96 34.58 30.52
36.20 33.22 41.58 25.39 26.78 24.33 43.26 35.30
34.60 31.68 34.12 18.20 18.99 18.23 36.07 32.94
40.80 38.69 44.98 24.50 27.32 24.74 44.94 37.22
40.39 37.16 47.30 31.86 32.55 29.75 49.08 39.99
37.98 34.79 37.47 20.06 20.59 19.98 39.46 38.67
29.24 26.42 31.48 23.74 23.96 22.01 33.04 29.35
29.34 26.60 29.92 19.88 20.42 19.52 33.52 29.39
38.06 34.91 41.56 24.66 25.80 24.15 45.52 37.55
41.19 37.38 40.27 20.99 22.15 21.18 40.18 39.79
40.80 38.72 46.93 28.11 31.02 28.34 48.24 38.87
34.99 32.06 37.93 22.19 23.22 21.55 39.99 34.16
33.69 30.29 34.00 20.93 22.39 20.74 36.42 32.60
35.51 32.69 41.20 27.49 28.22 26.00 43.11 35.29
42.77 38.94 44.37 27.28 27.84 26.04 44.73 42.08
37.80 34.96 38.38 19.76 21.58 20.15 39.01 35.22
36.59 33.55 45.64 33.59 33.43 30.85 46.49 37.19
37.69 33.65 35.88 19.51 21.57 20.77 41.32 35.44
32.52 29.31 26.86 11.18 11.69 12.69 29.35 29.69
30.71 27.94 35.05 28.17 28.00 25.35 35.47 30.95
32.10 29.14 24.74 10.50 13.15 21.96 35.07 31.21
32.51 29.11 29.68 15.58 16.39 16.28 32.68 30.52
31.12 28.29 36.41 30.20 29.71 26.89 36.15 31.26
37.22 34.10 47.35 36.37 36.06 32.98 47.56 37.70
36.84 33.81 45.06 31.78 32.19 29.64 45.73 36.73
31.54 28.60 35.57 27.80 28.13 25.53 36.48 31.72
40.27 36.36 35.70 18.55 19.75 20.28 40.74 37.38
35.54 31.71 37.32 22.38 24.91 22.36 39.50 33.41
32.16 29.34 32.52 22.68 23.25 22.00 35.47 31.58
36.49 33.66 46.67 35.58 35.27 32.53 46.77 36.93
36.38 33.50 45.06 32.42 32.37 29.80 46.17 37.21
37.28 34.62 39.41 22.02 23.68 21.78 39.60 34.89
36.33 33.45 45.19 32.72 32.76 30.04 45.38 36.50
38.93 34.86 30.99 12.93 13.64 15.57 35.62 34.99
36.05 32.26 40.63 27.42 29.58 26.27 41.77 34.32
32.11 29.05 26.99 13.46 13.82 14.84 30.39 30.47
47.22 45.40 40.75 24.05 21.05 24.53 46.10 47.30
37.09 31.58 27.62 20.09 22.35 26.31 45.35 36.33
33.86 30.84 32.19 19.98 20.85 20.10 35.90 33.35
37.77 34.59 33.50 16.39 16.30 17.37 37.68 37.99
35.74 32.49 39.38 31.43 31.40 28.68 40.48 36.04
35.89 32.67 36.37 24.78 25.37 23.69 38.84 35.76
39.35 36.10 45.75 34.12 33.42 30.88 45.95 42.18
46.95 45.07 45.31 31.16 28.60 30.03 49.73 48.07
39.69 35.63 30.27 11.41 11.98 14.39 35.14 35.67
37.10 33.08 36.86 21.35 23.12 21.50 39.93 34.81
33.76 30.77 33.95 23.04 23.62 22.08 36.18 33.44
37.40 34.17 30.37 12.05 11.99 14.08 34.47 36.50
36.86 31.92 31.20 22.99 24.79 27.33 45.49 36.35
32.87 29.46 26.04 9.95 10.25 11.62 28.48 29.61
41.47 39.42 50.72 39.71 39.53 37.46 50.99 42.07
41.82 39.99 50.47 37.29 37.15 34.80 49.84 41.11
36.80 32.77 39.40 30.42 31.28 30.78 46.56 36.76
37.77 33.74 40.14 25.83 27.69 25.44 43.31 35.85
35.66 32.47 34.54 21.44 22.33 21.04 37.24 35.12
39.49 36.08 46.68 36.99 35.16 32.08 46.06 42.14
33.93 31.04 37.14 29.34 29.36 26.96 38.27 34.01
41.38 39.97 43.22 26.91 27.20 27.31 46.26 41.14
41.97 38.90 36.55 14.81 15.53 16.93 39.30 38.88
37.77 34.04 44.45 33.16 34.73 31.08 44.90 36.61
36.78 33.42 41.49 34.02 33.64 30.58 42.19 37.20
37.79 33.75 33.19 16.42 17.37 17.85 37.65 35.24
34.27 30.99 37.23 26.59 27.45 24.71 38.43 33.50
33.30 29.93 36.24 21.75 23.85 21.49 37.89 31.45
38.32 34.50 42.77 28.46 30.62 27.55 44.18 36.36
37.44 34.06 43.28 36.31 35.88 32.56 43.53 38.16
41.31 36.79 48.59 35.87 37.30 33.46 49.47 39.77
33.41 30.29 34.64 22.43 23.68 21.65 36.58 32.49
43.69 40.50 43.53 23.77 24.73 24.30 47.25 41.97
38.80 35.26 44.57 36.99 36.71 33.27 44.96 39.34
34.38 31.00 38.91 25.30 27.21 24.34 40.40 33.16
36.65 32.71 29.51 11.91 12.46 13.87 33.02 33.38
37.69 34.48 38.37 22.15 22.38 21.33 39.85 39.03
41.46 40.06 44.97 30.17 30.09 29.54 47.17 41.71
38.80 35.67 49.39 37.22 37.09 34.00 50.25 39.45
38.62 35.38 47.88 34.57 34.76 32.02 49.11 39.01
41.41 39.92 48.36 36.72 36.04 34.89 49.48 42.71
38.50 35.00 43.42 35.02 34.82 31.67 44.19 38.95
34.32 30.65 40.69 29.79 31.23 27.89 41.09 33.14
37.78 34.64 40.68 26.96 26.69 25.01 42.41 39.73
40.77 36.36 48.81 36.92 38.18 34.17 49.29 39.44
37.70 33.87 40.30 25.05 27.50 24.88 42.49 35.61
40.80 37.15 43.42 24.62 26.07 24.12 43.45 41.08
35.52 31.99 38.99 25.46 26.86 24.59 40.98 34.21
41.99 39.29 46.97 27.61 31.10 28.52 49.02 39.34
32.83 29.76 33.76 21.23 22.52 20.82 35.81 31.69
36.34 32.59 36.71 22.00 23.77 22.29 40.01 34.49
42.77 39.00 47.98 31.57 32.52 29.62 47.75 43.47
35.66 32.80 40.28 23.45 25.02 22.58 41.57 34.59
40.44 36.97 38.20 18.94 19.23 18.80 38.60 39.85
41.69 38.97 45.15 24.49 28.33 26.02 48.24 39.03
37.90 34.23 40.67 30.15 31.00 28.35 42.89 37.66
35.20 31.56 36.47 21.82 23.53 21.99 40.11 33.83
36.97 33.93 40.72 22.57 24.54 22.22 42.57 35.72
35.86 32.59 36.27 23.62 24.48 22.83 38.89 35.33
36.29 32.57 38.88 25.56 28.00 30.22 43.69 35.28
39.88 36.06 42.67 30.82 33.48 33.67 45.51 39.50
33.29 29.90 40.25 30.77 31.42 28.36 40.85 32.89
32.33 29.38 36.55 28.31 28.51 25.98 37.25 32.41
29.36 26.73 29.63 21.13 21.65 20.35 31.86 29.17
38.30 34.13 39.22 22.92 25.70 23.09 42.08 35.74
35.12 32.20 36.56 22.08 23.06 21.57 38.85 33.89
35.76 32.59 40.21 24.08 25.81 23.34 42.07 34.54
34.71 31.81 28.79 10.34 10.59 11.97 30.65 31.63
34.80 32.00 30.64 12.65 13.25 13.95 32.72 32.46
33.08 29.79 39.52 29.28 29.88 26.68 39.57 32.27
29.49 26.93 25.19 12.76 13.05 13.94 28.24 28.34
38.89 34.74 42.82 28.41 30.83 27.25 44.65 36.87
35.86 32.71 37.45 25.14 26.48 24.26 39.41 35.18
33.64 30.17 33.16 18.71 20.31 19.22 36.57 31.68
34.60 31.95 30.83 13.12 13.56 14.33 33.37 32.44
35.60 32.58 38.81 21.34 23.33 20.99 40.63 34.14
36.59 32.89 43.00 32.36 33.43 30.10 43.36 35.44
40.03 36.25 41.37 27.58 28.97 26.47 43.52 39.24
36.76 33.27 44.15 33.93 35.08 31.69 44.49 36.11
35.88 32.69 38.85 28.13 28.98 26.13 39.95 35.50
29.93 27.06 23.32 10.32 10.43 12.06 26.72 28.47
32.31 29.20 37.87 31.56 31.29 28.38 38.34 32.71
34.84 32.10 36.59 22.47 23.36 21.90 39.12 33.80
35.65 32.91 29.75 10.04 10.51 11.96 31.08 32.56
34.32 30.87 41.57 31.89 32.75 29.32 41.95 33.86
33.81 30.87 25.89 11.07 11.07 13.47 29.91 31.73
40.40 36.67 39.77 22.66 22.75 21.79 40.40 40.22
37.72 34.74 43.14 26.09 27.78 25.12 45.08 36.88
34.78 31.74 29.16 10.38 11.11 12.31 31.62 31.80
38.88 36.03 48.27 35.34 35.52 32.77 48.11 38.64
35.89 33.03 40.76 24.13 25.83 23.55 42.86 35.06
40.09 38.97 45.47 33.17 31.84 31.22 47.35 42.32
37.83 34.64 46.36 32.67 33.57 30.49 47.10 37.52
40.05 36.78 43.80 31.75 30.66 28.47 44.17 41.39
34.17 30.64 40.56 30.38 31.10 27.83 41.08 33.22
35.44 32.15 29.53 15.09 15.38 16.56 32.80 33.66
32.81 29.55 33.43 21.62 22.85 21.33 35.95 31.41
34.54 31.71 31.58 14.00 14.78 15.07 34.25 32.50
38.29 35.11 42.08 23.28 25.34 23.24 44.80 36.80
35.53 32.52 43.86 31.45 31.97 29.07 44.40 35.38
36.15 32.27 29.77 12.85 13.61 15.07 34.95 33.14
31.84 29.00 36.02 28.09 28.32 25.50 36.27 31.54
33.72 30.80 28.17 14.62 14.82 16.30 32.06 32.39
39.55 36.36 37.77 19.18 19.47 18.88 38.02 39.20
36.82 32.77 33.21 17.60 18.67 18.84 38.37 34.19
31.43 28.22 33.08 23.09 24.33 22.21 35.19 30.29
35.20 32.11 27.10 11.40 11.49 13.51 30.09 32.69
35.63 32.63 41.86 26.40 27.62 24.88 42.42 34.87
39.68 36.71 48.57 34.57 34.85 32.17 48.25 39.43
38.48 35.14 45.64 38.00 35.72 32.63 45.67 41.42
33.61 30.15 35.18 22.00 23.51 21.70 37.70 32.11
41.97 40.46 34.69 16.81 15.27 18.94 39.55 39.14
32.84 29.71 36.96 28.85 29.09 26.24 37.61 32.78
37.46 34.62 37.26 19.32 20.55 19.91 39.85 35.32
44.89 43.64 54.51 46.03 42.61 41.46 54.51 48.21
37.04 34.25 39.55 23.39 24.49 23.13 41.59 35.49
33.70 30.37 38.93 28.25 29.44 26.50 40.17 32.75
38.86 35.50 45.17 35.83 34.11 31.39 45.47 41.66
41.69 40.21 37.39 21.03 19.86 22.43 42.79 40.46
33.85 30.39 33.88 19.38 20.89 19.63 36.86 31.92
38.25 34.87 32.24 13.45 13.37 14.68 33.82 36.90
34.89 32.14 28.73 9.38 9.83 11.32 29.98 31.73
38.51 35.12 36.47 20.22 20.30 19.98 38.20 38.33
45.32 43.93 54.82 45.69 42.51 41.09 55.48 48.93
29.50 26.90 23.39 9.99 10.04 11.59 26.35 28.50
34.03 31.09 31.98 19.53 20.46 19.96 36.30 33.38
37.24 34.27 46.32 33.68 33.80 31.08 47.34 37.90
30.99 28.24 35.50 27.93 27.81 25.30 35.71 31.19
32.54 29.20 27.80 12.74 13.34 13.94 30.36 29.81
35.34 31.73 36.91 21.19 23.56 21.28 38.80 33.23
36.19 30.87 26.52 19.05 21.24 24.55 44.02 35.57
30.57 27.68 35.46 28.91 28.62 26.18 35.97 31.22
40.52 36.76 31.28 12.27 12.96 16.12 39.24 36.99
32.61 29.29 33.38 21.75 22.93 21.13 35.61 31.05
36.41 33.43 45.90 34.50 34.19 31.39 46.28 36.80
32.26 29.37 28.84 16.45 16.94 17.63 33.82 31.24
35.79 32.09 38.96 24.57 26.71 23.77 40.40 33.82
32.42 29.13 26.03 10.04 10.48 11.70 28.32 29.31
40.00 36.11 40.01 25.88 27.69 25.86 43.53 37.49
37.67 34.94 39.04 20.71 22.57 20.86 39.17 35.02
36.55 33.57 45.74 33.47 33.61 30.77 45.73 36.71
37.93 35.06 41.37 25.18 26.73 24.47 42.10 35.94
35.89 32.56 34.21 20.93 21.67 20.61 37.15 35.02
35.77 32.75 43.95 31.53 31.76 29.12 44.84 36.11
32.05 29.06 25.78 11.74 12.04 14.08 31.31 30.57
39.44 35.56 32.73 14.94 15.84 17.38 38.00 36.09
33.83 30.30 36.22 21.62 23.69 21.33 38.07 31.96
35.33 32.43 37.58 20.95 22.09 20.57 40.02 34.62
43.71 40.06 42.19 20.90 22.38 21.58 42.44 42.01
41.45 39.96 42.77 26.24 26.34 26.46 45.56 40.63
29.00 26.16 30.15 21.18 21.75 19.97 32.01 29.09
39.68 36.37 44.48 27.84 28.86 26.90 48.16 39.18
42.05 38.33 41.90 23.12 24.20 22.99 42.16 41.05
35.43 32.58 39.61 24.45 25.39 23.53 41.97 35.17
41.12 38.95 46.66 27.15 30.10 27.51 47.68 38.64
37.83 34.17 40.28 24.56 27.10 24.64 42.75 35.93
40.62 38.53 47.84 30.77 32.89 30.09 47.67 38.67
38.39 35.31 41.06 23.31 24.63 23.23 45.78 38.13
29.91 27.20 29.58 18.57 19.37 18.10 31.94 29.51
35.75 32.20 36.53 21.06 22.74 21.27 39.73 34.02
37.33 34.26 41.72 23.80 25.51 23.07 43.15 35.86
35.08 32.01 31.10 12.84 13.61 14.39 34.05 32.44
35.87 31.95 28.74 11.71 12.34 14.04 33.56 32.46
39.23 35.88 37.84 19.75 19.95 19.40 38.35 39.05
41.20 39.00 43.87 22.86 26.60 24.50 46.67 37.43
33.75 30.74 27.29 13.36 13.54 15.34 31.32 32.13
35.21 31.99 26.38 10.93 11.00 13.85 32.09 33.20
36.82 32.89 32.85 17.03 18.03 18.40 38.12 34.00
32.90 29.59 35.09 25.12 25.97 23.55 36.75 31.94
33.87 30.89 32.82 22.69 23.21 22.31 35.53 33.33
34.76 31.84 36.59 22.15 23.31 21.69 39.04 33.51
39.16 36.36 47.66 33.70 33.85 31.19 47.31 38.73
35.47 32.44 41.98 27.03 28.13 25.45 42.61 34.98
40.85 37.18 40.95 24.53 24.42 23.19 41.69 40.95
33.82 30.93 25.58 10.82 10.79 13.32 29.77 31.91
34.83 31.40 41.98 32.03 32.93 29.48 42.32 34.26
34.95 31.71 33.95 23.37 24.04 22.92 36.34 34.16
39.32 36.25 49.39 37.66 37.59 34.66 49.32 39.29
40.39 39.24 43.98 29.68 28.49 28.13 45.33 41.17
34.42 31.50 28.70 9.93 10.54 11.91 30.74 31.45
37.51 34.49 43.55 27.10 28.73 25.86 44.38 36.58
36.14 32.64 35.94 20.83 22.59 21.44 39.67 34.42
39.99 38.73 46.13 33.96 32.74 31.67 46.79 40.97
35.36 32.51 40.65 24.30 25.65 23.11 41.28 34.52
38.83 36.03 47.87 34.61 34.74 32.24 48.23 39.18
34.09 30.71 40.27 29.70 30.94 27.82 41.19 33.58
33.47 30.04 33.20 23.15 24.24 22.94 37.76 32.94
35.40 32.13 28.91 14.12 14.27 15.74 32.21 33.62
41.00 37.13 41.80 27.07 28.75 26.40 44.41 40.15
34.11 30.57 34.22 20.17 21.87 20.72 38.58 32.59
36.05 33.04 38.52 20.39 22.47 20.35 40.66 34.51
38.48 35.09 31.66 12.60 14.76 23.97 41.36 38.67
38.88 35.56 35.29 18.01 18.01 18.74 39.53 39.11
45.39 43.91 54.14 44.81 41.53 40.50 54.70 48.60
41.93 40.45 43.55 30.59 29.69 29.80 46.73 41.89
33.99 30.62 36.21 23.21 24.75 22.95 39.28 32.68
38.92 35.45 45.83 37.68 35.43 32.44 45.79 41.88
45.14 43.62 55.29 47.87 44.20 42.73 55.33 48.75
37.05 34.43 37.58 20.00 21.14 20.41 40.09 35.19
37.26 34.58 40.94 25.71 26.66 25.07 43.03 36.28
36.24 32.95 37.16 24.35 25.74 23.73 39.73 35.54
45.61 44.33 55.19 46.11 42.80 41.62 55.56 48.98
39.02 35.65 45.51 35.68 33.85 31.18 45.31 42.00
32.64 29.45 26.69 10.74 11.14 12.31 29.08 29.75
32.27 29.19 30.05 18.48 19.07 18.71 33.05 31.01
35.06 31.40 37.70 23.26 25.56 22.84 39.57 33.32
37.50 34.78 38.66 20.23 22.00 20.29 38.74 34.88
35.84 32.90 45.22 33.92 33.92 31.10 45.77 36.45
37.54 34.22 29.96 11.22 10.97 13.27 33.89 36.36
37.50 34.62 40.04 23.33 24.90 22.81 40.44 35.16
36.25 33.24 44.80 31.94 32.21 29.58 45.31 36.51
32.14 29.27 26.32 12.61 12.98 14.91 32.06 30.87
35.42 31.81 40.90 29.27 31.10 27.60 41.63 33.94
40.93 36.91 34.81 17.04 18.24 19.92 42.49 37.84
36.26 33.21 45.06 32.98 33.17 32.94 46.76 36.80
31.56 28.45 35.65 28.20 28.32 25.63 36.25 31.59
35.74 32.04 36.91 20.96 23.56 21.27 39.23 33.72
32.69 29.26 28.74 13.91 14.56 14.85 31.41 30.17
39.26 35.39 30.64 12.38 13.03 15.14 35.49 35.26
31.47 28.58 36.95 30.60 30.04 27.34 36.89 31.79
40.15 36.60 46.27 33.76 33.25 30.36 46.00 42.38
36.48 33.57 46.45 35.20 34.92 31.91 46.74 37.08
43.43 39.69 43.07 22.91 24.09 23.03 43.45 42.34
35.44 32.65 39.17 23.37 24.34 22.53 41.19 34.84
38.83 34.52 30.24 11.53 12.06 13.93 34.42 34.84
40.72 38.91 45.52 25.33 28.06 25.44 45.45 37.45
35.26 32.43 42.14 29.82 30.32 27.67 43.20 35.05
38.39 35.17 40.57 22.58 23.88 22.53 45.21 37.68
40.41 38.30 46.76 28.94 31.31 27.85 44.08 36.12
29.64 26.84 29.13 18.29 19.02 17.90 31.54 29.05
41.70 37.95 44.61 30.04 30.34 27.97 44.71 41.70
38.77 35.46 46.45 33.02 33.54 30.79 48.28 38.77
35.62 32.69 37.26 20.45 21.62 20.35 40.68 34.93
43.04 39.17 40.94 19.93 21.37 20.72 41.07 40.91
29.42 26.59 32.68 25.79 25.87 23.64 33.80 29.56
29.25 26.81 30.32 20.65 21.15 19.64 32.19 29.25
38.06 35.09 42.51 25.81 26.81 24.99 46.03 37.87
40.51 35.94 47.21 34.68 36.02 32.54 48.35 38.94
37.29 33.31 37.59 22.17 24.04 22.32 40.76 35.19
39.74 36.32 47.74 40.13 37.60 34.35 47.40 42.64
37.01 33.78 30.12 11.50 11.23 12.77 31.37 35.54
33.80 31.06 34.53 24.16 24.73 23.35 37.72 34.09
41.95 40.13 50.84 38.96 38.66 36.72 50.70 41.76
35.95 31.43 32.31 23.77 25.29 26.50 44.71 35.88
41.86 40.14 50.45 37.06 37.05 35.01 50.06 41.46
39.56 36.22 46.89 36.62 34.75 31.75 46.02 42.06
35.47 32.34 34.70 21.92 22.68 21.30 36.85 34.78
37.98 33.84 41.42 27.93 29.65 26.94 43.99 36.17
47.55 45.65 40.48 23.31 20.16 23.81 45.68 47.37
35.42 31.82 36.29 20.09 22.64 20.51 38.55 33.29
36.83 31.36 28.16 20.53 22.69 26.30 45.15 36.28
37.92 34.52 32.54 15.09 14.98 16.52 37.19 37.80
33.74 30.85 32.76 20.72 21.44 20.33 35.60 33.37
37.44 34.17 38.29 25.30 25.07 23.74 40.39 38.38
39.63 36.27 46.04 33.91 33.41 30.89 46.00 42.21
35.69 32.32 36.55 25.64 26.17 24.25 38.61 35.42
47.20 45.40 43.92 28.44 25.70 27.84 48.62 47.83
38.84 34.73 30.87 12.22 12.88 14.63 35.25 35.31
39.10 35.42 44.54 36.80 36.38 33.17 45.28 39.75
33.68 30.15 38.16 25.28 26.93 24.16 39.05 32.18
38.16 35.09 39.19 23.16 23.41 22.45 41.45 39.61
42.07 37.62 51.18 39.92 41.14 36.66 51.71 41.07
37.87 34.69 47.46 35.19 35.16 32.42 48.70 38.39
41.11 39.39 45.32 30.63 30.78 30.32 47.66 41.66
30.04 27.17 29.01 17.67 18.49 17.56 31.67 29.60
39.23 35.98 48.38 34.75 34.93 32.14 49.47 39.56
39.03 35.42 43.75 35.07 35.12 31.99 44.75 39.42
37.52 33.77 40.51 25.46 27.93 25.34 42.74 35.66
41.67 37.17 49.66 37.16 38.56 34.55 50.37 40.42
38.42 35.19 42.18 29.57 28.95 27.09 43.86 40.43
39.33 36.10 41.00 22.49 23.92 22.67 46.15 38.67
43.09 28.74 25.57 25.71 37.68 36.23 49.83 43.78
41.09 39.72 43.20 27.30 27.38 27.35 45.83 40.82
41.31 38.18 35.05 13.55 14.17 15.82 37.79 37.78
37.04 33.67 41.77 34.03 33.73 30.79 42.81 37.73
34.16 30.65 37.45 22.93 25.04 22.51 39.17 32.59
33.05 29.91 36.52 26.89 27.60 24.94 37.44 32.31
35.28 32.41 36.62 19.56 20.74 19.50 39.15 34.23
42.84 38.10 50.37 37.20 38.66 34.55 51.19 41.36
38.08 34.37 42.86 29.19 31.31 28.00 44.04 36.24
36.89 33.59 42.24 35.19 34.77 31.69 42.80 37.56
37.44 33.51 37.98 25.08 26.48 24.50 41.27 35.36
32.86 29.77 34.38 22.68 23.88 21.74 36.19 31.90
41.28 38.86 43.85 23.27 26.77 24.41 46.44 37.84
36.25 32.50 37.37 22.04 23.82 22.09 40.53 34.62
35.86 32.47 38.05 27.12 27.79 25.64 40.41 35.68
36.42 32.78 41.59 31.01 32.35 29.28 42.96 35.48
35.32 31.91 35.27 22.37 23.39 21.84 38.21 34.78
39.32 36.54 48.24 33.37 33.29 30.77 47.27 38.94
36.33 32.82 38.28 24.53 26.13 24.23 40.90 34.76
35.31 32.10 26.56 10.46 10.44 12.55 29.29 32.66
43.54 39.49 45.53 24.99 26.81 24.88 46.06 43.42
34.70 31.82 28.54 9.36 10.09 11.53 30.49 31.44
35.95 32.32 38.84 24.80 26.30 24.13 41.26 34.73
41.59 39.38 45.98 26.02 29.49 27.08 47.87 38.41
33.96 31.00 25.35 10.34 10.18 12.72 29.07 31.68
41.96 39.49 49.78 33.31 35.68 32.57 50.04 40.14
43.09 39.29 47.45 29.78 30.94 28.33 47.67 43.71
36.50 32.77 36.55 21.52 23.38 22.08 40.16 34.75
37.08 33.30 43.37 31.89 33.01 29.67 44.31 36.09
35.50 32.42 38.16 20.62 22.70 20.47 40.10 34.03
34.98 31.97 31.53 14.39 14.90 15.34 34.27 32.69
36.60 32.95 43.03 32.56 33.73 30.45 43.56 35.90
35.89 32.88 40.82 32.61 32.75 29.41 41.02 35.97
40.05 36.26 41.07 26.94 28.44 26.00 43.58 39.43
32.46 29.32 37.32 30.10 30.03 26.98 37.66 32.67
29.76 26.93 23.95 10.84 10.96 12.45 27.18 28.49
37.39 33.76 45.11 35.38 36.26 32.68 45.52 36.92
36.15 32.84 38.78 27.65 28.72 26.15 40.41 35.70
46.31 44.94 55.54 45.67 42.86 41.80 56.54 49.80
35.30 32.45 29.52 10.36 10.95 12.25 31.26 32.40
32.34 29.31 36.78 28.86 29.10 26.22 37.19 32.51
40.53 36.66 43.12 30.46 31.56 28.53 44.60 39.83
41.24 39.86 33.64 15.54 13.83 17.89 39.02 39.05
32.94 29.53 39.94 30.76 31.31 28.19 40.10 32.46
39.45 35.35 39.54 23.01 25.75 23.68 44.67 37.37
34.35 31.61 28.97 10.81 11.13 12.41 31.03 31.58
35.31 32.39 39.61 23.09 24.85 22.38 41.30 34.30
34.86 32.11 31.47 13.77 14.42 14.91 33.78 32.77
35.64 32.64 43.02 29.38 30.49 27.50 43.76 35.01
40.28 36.48 45.25 36.14 36.48 32.88 45.93 40.28
33.40 30.04 40.10 29.86 30.63 27.69 40.54 32.78
35.77 32.66 37.02 24.55 25.89 23.77 39.25 35.16
29.95 27.34 26.54 14.39 14.66 15.32 29.57 29.11
39.32 35.26 42.12 26.76 29.42 26.60 46.00 37.52
