-1.47 12.98 2.72
-3.18 1.88 -1.42
1.63 -2.02 3.14
-5.16 0.82 4.77
-0.10 -1.87 2.18
2.73 -4.27 0.20
1.55 11.04 2.05
5.59 -5.16 -0.29
-3.54 -1.13 -1.11
-8.36 1.79 4.81
-2.16 1.46 -2.86
13.47 13.86 -3.20
12.16 14.05 -3.37
-0.65 -1.99 -1.43
3.35 -4.52 -0.07
0.99 11.93 -3.61
1.34 -2.45 -4.53
2.36 -2.68 5.05
-9.79 2.91 -0.93
-9.25 2.92 3.19
-2.89 -3.75 -2.17
-5.93 1.54 3.45
-6.48 1.71 2.37
0.64 -2.77 -2.16
-6.17 -3.05 -3.07
-0.17 -0.90 1.56
-6.77 1.86 -1.92
-4.48 -0.34 0.20
-7.56 2.25 4.17
1.77 -3.00 -2.82
0.22 -1.74 4.50
-0.15 -1.38 -3.25
3.52 12.78 -4.07
7.14 -0.79 -3.20
-1.42 -2.00 3.03
3.45 -2.17 -3.15
5.56 -0.53 -3.30
-7.97 2.49 4.80
2.03 -2.84 2.72
1.85 -2.96 -1.95
0.96 -2.30 5.01
-3.19 5.57 5.20
3.56 -3.37 1.19
4.53 2.90 -1.10
-4.08 0.23 -3.53
7.48 2.80 -1.95
-2.01 -0.43 -4.30
3.82 -3.39 4.96
2.92 -0.94 -2.07
3.46 3.43 -0.47
-7.00 -2.02 -3.53
-8.97 -1.49 -3.30
3.94 -1.61 -3.69
5.91 -4.13 3.15
-0.24 -0.22 -1.85
4.52 0.51 7.37
2.71 17.65 6.34
-3.66 -3.18 -3.27
-1.17 -2.08 -0.03
-1.45 0.49 -2.51
2.46 -1.59 -4.64
1.47 -1.68 -5.46
2.24 -0.52 -3.16
-2.87 2.79 6.83
0.02 -2.72 -0.91
-9.16 0.78 0.50
3.45 -1.78 -4.79
-2.10 0.88 -1.98
-10.32 2.07 0.14
-4.01 -3.05 -4.18
8.43 4.81 -1.51
-6.58 0.51 -1.15
-11.10 1.73 1.56
1.22 -1.67 -4.74
14.01 -4.81 4.16
4.85 -3.55 1.64
-0.23 -2.66 1.60
-1.10 -2.53 -1.61
8.42 -4.24 2.79
3.32 11.47 -2.15
5.44 -2.11 -4.80
-4.46 5.38 3.95
6.57 -2.01 -2.98
5.98 11.09 -2.97
12.83 -4.50 4.13
-0.42 -2.98 -2.90
6.22 -4.16 2.62
-3.52 -2.98 -0.18
-1.62 4.54 3.34
-5.80 2.21 4.58
4.66 -3.47 1.17
2.81 3.26 -0.63
5.77 -3.58 1.27
-2.19 -1.81 2.23
-1.72 -3.64 -0.41
-2.74 0.83 3.40
5.88 -4.03 2.91
5.70 -3.35 0.91
3.84 -2.89 1.89
5.24 1.62 0.86
3.30 -1.58 -4.09
-3.53 -1.56 0.62
5.70 -5.17 0.50
1.63 -1.84 1.86
2.98 18.00 5.76
-2.55 -0.70 -4.84
10.44 7.11 -2.91
8.62 5.86 -2.47
0.47 -1.33 -4.96
-1.47 -2.15 -0.47
5.52 -4.98 0.98
3.78 18.14 3.26
-2.91 0.96 -2.04
0.76 -2.67 1.03
0.90 -1.32 3.28
-8.06 1.34 3.80
-1.06 -2.11 2.32
-4.42 -0.12 3.08
8.21 5.44 -2.17
11.57 14.76 1.91
-9.65 3.37 -1.19
-0.87 -3.59 -2.01
2.48 -4.44 1.63
5.63 -2.93 0.14
2.97 -2.25 3.61
-0.68 -3.50 -2.61
-1.22 -2.50 -3.72
0.30 -3.60 1.79
-6.11 1.84 -2.64
3.20 -4.35 0.40
3.25 -2.70 2.53
-9.56 0.11 -2.48
4.98 -2.86 0.27
6.34 -4.27 5.95
-2.25 -0.87 -3.65
-7.78 1.80 5.29
-5.92 1.68 -2.16
-0.65 -1.47 -4.22
-9.64 2.99 -0.83
6.88 -3.99 1.86
-12.33 1.51 -1.01
-0.94 -2.52 -4.06
8.69 -5.27 5.89
1.76 -2.78 4.18
2.16 -1.70 0.99
1.73 -3.39 0.33
0.46 -1.07 1.90
0.70 -2.82 2.78
0.76 -2.79 -2.00
-1.83 -1.19 -0.44
4.56 -3.58 4.71
-7.52 2.61 5.09
5.43 1.56 -0.18
1.99 -2.02 -0.00
-3.00 -1.87 1.77
6.02 -5.07 2.23
0.32 4.03 3.78
0.38 -4.44 -0.88
-3.94 1.88 5.39
-2.38 -1.71 2.39
4.64 -3.39 1.08
6.32 -3.56 2.02
6.63 -4.29 3.20
-2.61 -3.44 -0.55
-0.54 0.06 3.24
4.18 -2.80 2.43
3.57 -1.67 -4.15
-1.44 -2.28 1.42
4.55 -3.42 1.48
11.13 -4.40 2.35
-2.51 -2.23 -2.19
2.93 12.06 -2.19
-0.73 5.09 6.23
4.95 11.51 -2.89
6.29 -2.02 -3.44
9.45 -4.06 2.13
2.10 -3.80 0.10
-3.96 -2.90 -0.22
-0.78 -2.78 -2.63
6.96 -4.28 2.78
4.95 17.80 3.21
0.57 -1.26 3.59
0.03 -2.50 1.33
-6.36 0.95 4.26
-1.69 -1.88 2.33
-2.99 -0.90 2.45
0.80 -1.57 -4.74
-12.03 2.04 1.61
7.99 6.04 -2.51
-3.95 -1.39 0.67
0.85 -1.61 1.94
1.92 -1.49 -4.59
7.03 -5.31 0.81
-4.30 -3.08 -3.51
3.37 16.19 6.32
-3.31 -0.54 -4.88
-0.94 -1.03 -5.05
8.72 6.05 -2.69
-1.78 -2.00 0.16
5.71 -5.04 1.10
4.48 -2.96 0.80
5.50 -2.96 0.65
3.93 -2.95 2.47
-10.89 0.58 -2.09
-0.14 -2.64 -4.18
5.46 -4.27 5.09
-2.30 -0.98 -3.85
-6.83 2.16 -1.36
0.05 -1.75 -4.48
-9.81 3.12 -0.32
-12.69 1.71 -0.75
-1.07 -2.56 -3.99
9.39 -5.59 4.03
-9.71 3.60 -0.75
-1.87 -3.36 -2.43
-4.42 2.28 -1.70
2.93 -2.35 3.32
2.65 -4.42 1.12
5.76 -2.93 0.39
-1.15 -2.55 -3.53
-0.77 -3.43 -2.56
0.21 -3.70 1.39
5.98 -2.93 -0.25
-6.94 2.33 -1.72
-1.31 -1.36 -0.52
4.23 -3.87 3.65
5.83 1.67 1.65
7.51 1.67 0.38
-2.45 -2.00 1.77
2.37 -2.23 -0.48
1.21 11.39 -2.38
2.87 -1.94 0.73
2.37 -2.96 4.28
0.43 -1.15 1.50
-0.46 -2.69 1.27
-3.48 -1.04 -0.77
-7.21 1.47 5.04
15.30 13.20 -2.42
5.51 -2.99 0.60
-2.68 1.72 -2.39
1.65 0.38 -3.68
13.97 13.58 -2.26
3.91 -4.69 -0.17
-2.10 -1.66 -1.69
-0.71 12.68 2.88
-3.72 2.25 -1.53
-5.45 0.63 3.98
3.06 -4.34 0.25
-0.81 -2.56 -3.46
1.95 11.50 0.21
-6.58 2.22 4.76
-4.21 0.72 2.66
-0.62 -1.50 4.29
1.71 -1.34 -1.98
7.75 -0.80 -3.25
2.77 11.72 -3.91
3.36 -1.97 -2.50
4.62 8.81 -4.90
5.56 -0.42 -3.56
-8.10 2.31 3.95
1.77 -2.99 -2.17
0.89 -2.41 3.01
0.36 -2.15 -4.79
0.68 10.98 -3.18
-9.25 2.70 -0.98
-9.04 2.71 2.94
-2.25 -3.80 -1.58
-4.55 0.90 3.11
1.56 -2.92 -1.98
-5.30 1.07 1.72
-6.03 -2.90 -2.52
-0.65 -1.63 -3.92
-6.01 1.47 -2.76
2.77 3.20 -0.92
4.98 -1.20 -1.70
-3.13 -1.46 2.28
-7.24 -2.18 -4.43
-8.48 -1.60 -3.53
0.36 -0.35 -1.91
0.91 -2.44 4.62
5.23 2.21 -0.61
-3.73 0.05 -3.78
-3.66 -2.82 0.19
-0.75 -0.72 -4.40
5.36 -3.85 5.14
-1.46 0.75 -1.57
2.53 -1.65 -4.96
-0.15 -0.94 3.26
-10.83 2.35 0.31
-4.11 -3.03 -3.90
-8.67 0.73 1.21
-7.98 1.12 -0.74
-3.08 -2.90 -4.03
4.12 -1.94 -5.03
1.95 -1.68 -4.52
-3.35 -3.26 -3.11
1.45 1.53 7.14
-0.56 -2.20 0.07
-4.56 -1.17 -0.91
3.38 -1.89 -5.35
1.98 -1.55 -4.76
-0.87 0.39 -2.59
1.95 -1.75 -4.95
-3.64 3.05 6.91
2.08 -3.12 -0.27
-9.74 1.21 0.94
4.02 18.18 4.44
-2.87 -0.52 -4.30
-4.38 -1.17 1.12
-4.87 0.28 3.81
2.14 -3.18 0.83
-0.49 -2.26 2.17
4.26 -4.67 0.70
7.83 16.58 2.20
-4.06 3.57 8.02
-0.23 -1.22 2.18
-3.18 -1.67 0.42
-7.78 1.40 4.32
-1.74 -0.79 -4.66
-11.72 2.85 0.74
10.02 4.44 -1.64
8.73 5.02 -1.92
1.45 -1.58 -5.33
2.84 -2.22 1.89
-2.25 -1.66 2.67
5.00 -4.97 0.33
-0.28 -2.33 -0.65
2.81 11.44 -1.15
-1.86 4.85 4.05
6.54 -3.75 1.00
4.15 -3.40 1.04
-2.76 1.24 4.47
-0.85 -3.88 -0.22
-3.33 -2.02 -2.22
5.19 -3.18 2.23
5.85 -3.58 1.39
10.10 -4.12 2.78
-3.26 -3.12 -0.22
5.01 2.66 3.66
7.57 -4.30 2.64
-0.72 -2.71 -1.77
-6.89 2.48 4.28
-2.40 -1.89 1.71
4.11 11.60 -2.12
6.22 -2.13 -4.06
4.88 -1.83 -3.74
7.12 10.45 -3.24
6.38 -4.09 2.67
0.67 -3.24 -2.91
-0.06 -2.83 0.93
10.01 -4.21 2.08
3.27 -2.54 2.36
2.25 -3.27 3.40
-0.15 -1.68 -0.67
6.83 1.20 1.65
-4.66 -2.79 -0.84
-0.19 -0.87 1.92
6.84 -4.69 3.92
-1.91 -1.25 -3.91
-1.86 -0.98 4.70
5.54 1.25 2.56
4.20 -3.67 3.20
-1.97 -1.12 -0.20
-1.01 -0.93 -2.71
-0.85 -2.39 2.16
2.77 -1.84 0.93
7.28 -4.85 4.49
-0.11 -2.64 -3.83
-2.07 -3.43 -2.20
-8.14 -0.72 -3.49
2.78 -2.54 2.63
-3.58 0.67 -3.12
-1.45 -1.28 -4.10
-10.94 3.82 -0.72
-9.02 2.87 -1.02
-1.10 -2.53 -3.75
-12.38 1.24 -1.57
5.61 -3.54 2.12
0.28 -3.50 1.83
-4.76 -0.64 -0.53
-8.91 3.11 -1.28
-2.72 -0.76 -3.67
4.61 -2.84 0.05
5.25 -4.06 5.65
5.77 -2.93 0.08
1.44 -4.05 1.46
-13.72 1.99 -0.67
-0.87 -3.27 -2.96
-3.64 0.85 -3.49
-10.25 3.63 0.08
1.81 -2.97 -2.56
-9.94 3.00 3.28
-0.16 -1.81 3.75
1.21 -1.49 -2.77
-10.33 3.08 -0.78
5.98 -0.72 -3.55
-1.22 -1.44 -3.86
3.55 12.42 -4.62
3.72 -2.40 -4.00
3.82 -3.62 2.25
0.80 -2.83 -2.51
-6.20 1.60 4.00
-4.67 -2.90 -1.13
-8.12 2.22 -1.67
0.51 -0.99 -1.95
1.06 -2.47 -5.51
-6.13 1.70 3.74
-3.00 -3.75 -2.97
-7.65 2.18 2.51
-2.38 -1.03 3.96
-2.84 0.41 3.15
-5.30 -3.17 -2.75
-8.86 2.52 4.58
-0.83 -1.79 -4.56
6.03 -0.50 -3.02
4.97 -5.02 -0.16
-3.16 -1.27 -1.20
-2.34 13.00 2.68
-1.55 -3.51 -1.97
-2.85 1.97 -1.74
12.40 14.00 -3.70
-1.10 1.09 -2.84
-0.19 -2.29 -2.29
4.52 -4.68 0.41
0.45 12.20 1.86
-4.26 -0.75 -0.47
-7.04 1.27 4.27
-11.17 3.61 -0.26
-2.89 -0.55 3.06
12.94 13.79 -2.98
-14.10 1.99 -0.75
-4.37 -1.13 1.43
3.23 -1.70 -4.36
-3.86 -3.18 -3.58
-9.87 1.86 -0.11
-1.17 -1.98 0.34
-4.12 -0.32 -4.60
-3.74 -3.06 -4.12
-1.88 3.30 9.03
-4.70 -0.44 -2.16
2.67 -1.77 -5.30
-7.47 0.33 0.61
0.61 -2.58 -0.02
-11.76 2.59 0.40
5.04 -0.41 5.01
-1.16 0.64 -2.11
2.41 -1.77 -5.02
1.25 -0.24 -2.58
-2.46 -1.57 2.90
1.05 -1.64 -5.13
-10.33 1.52 1.45
-1.55 2.40 7.12
-3.01 -1.93 -1.77
-3.91 0.28 -3.13
3.54 -2.21 7.23
2.20 11.82 -1.53
-8.52 -1.85 -4.11
3.06 -0.79 -1.28
2.86 -2.94 5.17
-2.12 -0.29 -3.79
4.76 2.71 -0.78
3.30 -2.47 2.67
5.64 2.72 -1.91
0.22 -0.12 -1.25
-8.86 -1.37 -2.64
-1.97 -0.89 0.46
-0.36 -1.12 -2.76
-8.49 2.54 -1.14
-7.26 2.07 3.70
-2.29 -1.19 3.56
3.67 2.16 1.06
-8.46 2.45 2.79
-8.60 2.60 4.83
-3.13 0.62 3.26
-3.21 -3.55 -1.64
-3.27 0.09 0.81
-3.67 0.38 -3.64
5.17 -0.39 -3.23
-0.66 -1.90 -4.73
1.12 -2.17 3.93
-10.15 3.30 3.46
2.24 -3.09 -2.16
-2.06 -0.36 1.71
7.18 -0.84 -3.93
1.73 12.83 -4.19
-10.96 3.29 -0.90
1.28 -1.68 -3.16
-0.75 -0.68 2.22
3.78 10.83 -4.73
-1.88 -1.42 -4.27
5.63 -0.43 -3.63
0.81 -2.80 -2.33
-3.12 -3.37 -0.62
-6.85 1.99 4.32
6.03 -3.99 6.75
-3.37 -1.00 -0.26
-2.80 -0.56 -3.09
-4.30 0.06 4.16
-3.32 -0.10 4.16
12.35 14.05 -2.94
5.33 10.86 -0.54
-2.06 -1.51 -1.07
5.10 -4.85 0.12
13.41 13.68 -3.75
-2.67 1.81 -2.07
0.22 0.82 -2.91
0.27 -3.42 2.42
13.22 14.06 -3.03
4.50 -4.46 0.45
-11.10 2.52 0.50
-6.81 -0.12 -0.10
-0.44 -2.42 -0.32
-1.54 0.66 -2.04
2.18 -1.79 -5.52
-8.31 1.65 4.65
-0.19 0.14 -2.77
1.64 -1.73 -4.90
-9.62 1.32 1.42
2.10 -3.29 -1.20
1.49 1.89 8.17
2.43 -1.65 -5.30
-3.39 -3.20 -3.30
-0.79 -1.94 0.70
-8.96 1.49 -0.27
-3.75 3.23 7.38
-2.44 -3.21 -3.65
4.58 -4.62 1.27
3.14 -1.83 -5.29
4.20 -2.76 6.54
-2.67 -0.09 -3.59
-5.41 2.67 6.53
3.18 3.29 -1.16
-0.17 -1.03 -5.14
-0.29 0.02 -1.18
3.41 2.88 -2.62
-9.41 -1.40 -3.00
5.42 -4.44 3.67
4.33 -1.53 -3.15
-3.83 0.37 -2.73
2.13 -2.07 6.52
-6.27 -2.41 -4.65
-8.45 -1.76 -3.70
1.01 -0.52 -1.99
8.78 -3.91 2.24
0.58 -1.44 2.32
6.39 -5.39 0.11
-9.00 1.63 4.06
-2.24 -1.93 0.63
9.54 5.64 -2.33
-2.05 -0.80 -5.07
8.92 4.75 -1.51
4.95 -4.91 0.46
-2.32 -1.69 2.26
3.81 -2.59 1.59
3.73 18.38 4.93
-1.54 -1.73 0.57
-2.89 -0.54 -4.55
-5.55 0.58 4.25
-4.16 -1.28 0.97
-0.89 -1.96 1.41
4.42 -4.67 0.94
-0.40 -2.34 1.70
6.60 17.15 3.16
-4.64 2.41 6.79
7.68 -4.33 2.99
-1.71 -2.58 -2.63
-1.39 -2.14 1.93
12.67 -4.60 2.72
4.50 -1.90 -4.46
4.49 10.35 -1.77
-9.19 -1.23 -2.41
5.38 -1.82 -3.25
6.94 -4.32 3.21
3.40 -2.67 2.19
11.11 -4.32 2.89
1.35 -3.38 1.01
0.52 0.07 -0.35
5.48 -5.19 0.05
2.53 11.70 -1.95
-3.33 4.95 3.68
4.55 -3.39 1.34
-2.00 -2.20 -1.75
-1.83 -3.92 -1.40
-4.73 0.54 -2.97
11.95 -4.28 3.78
5.26 -3.27 1.89
4.87 -3.37 0.97
1.49 -1.04 1.96
-3.63 -3.16 -0.79
3.70 2.28 0.98
-1.06 -1.08 0.65
0.81 -3.00 1.42
3.95 -2.34 0.31
-1.86 -2.15 1.91
5.20 -0.31 -2.98
1.11 -1.33 1.53
-9.50 2.79 4.88
4.77 -3.24 5.65
-11.11 3.38 -0.59
0.02 -1.57 -0.08
5.38 2.02 0.73
-10.55 3.35 3.62
8.91 1.20 0.22
6.48 -4.30 4.55
-0.22 -0.83 2.23
3.92 -2.64 -0.52
-3.17 -0.62 -3.64
-8.09 2.82 -1.51
4.83 -2.81 0.07
3.23 -4.54 0.76
5.09 -3.91 5.85
-1.39 -3.41 -2.49
-13.42 1.78 -0.87
6.87 -3.15 0.47
1.55 -4.03 1.71
14.04 13.65 -1.90
-10.14 3.37 -0.20
-1.91 -3.44 -2.33
6.83 -4.61 5.57
-3.40 13.10 2.54
-0.54 -2.59 -4.16
4.17 -2.74 3.96
-10.74 3.73 -0.97
-2.12 -1.12 -4.13
-8.22 2.60 -1.23
0.56 -2.06 -5.12
8.92 -5.41 4.39
-0.45 -2.65 -3.55
-0.05 -3.40 1.99
-11.06 1.01 -1.37
5.68 -3.36 2.96
